2.202640000000000000e+05
2.202810000000000000e+05
2.203150000000000000e+05
2.203320000000000000e+05
2.203470000000000000e+05
2.203650000000000000e+05
2.204000000000000000e+05
2.204230000000000000e+05
2.204480000000000000e+05
2.204850000000000000e+05
2.204990000000000000e+05
2.205190000000000000e+05
2.205390000000000000e+05
2.205660000000000000e+05
2.205830000000000000e+05
2.206170000000000000e+05
2.206340000000000000e+05
2.206500000000000000e+05
2.207010000000000000e+05
2.207370000000000000e+05
2.207540000000000000e+05
2.207750000000000000e+05
2.207880000000000000e+05
2.208190000000000000e+05
2.208370000000000000e+05
2.208530000000000000e+05
2.208700000000000000e+05
2.208890000000000000e+05
2.209200000000000000e+05
2.209390000000000000e+05
2.209520000000000000e+05
2.209690000000000000e+05
2.209900000000000000e+05
2.210020000000000000e+05
2.210700000000000000e+05
2.210950000000000000e+05
2.211070000000000000e+05
2.211390000000000000e+05
2.211550000000000000e+05
2.211870000000000000e+05
2.212060000000000000e+05
2.212360000000000000e+05
2.212630000000000000e+05
2.212810000000000000e+05
2.213460000000000000e+05
2.213610000000000000e+05
2.213980000000000000e+05
2.214170000000000000e+05
2.214300000000000000e+05
2.214470000000000000e+05
2.214810000000000000e+05
2.214980000000000000e+05
2.215120000000000000e+05
2.215290000000000000e+05
2.215450000000000000e+05
2.215820000000000000e+05
2.215970000000000000e+05
2.216280000000000000e+05
2.216640000000000000e+05
2.216780000000000000e+05
2.216960000000000000e+05
2.217140000000000000e+05
2.217300000000000000e+05
2.217520000000000000e+05
2.217680000000000000e+05
2.218010000000000000e+05
2.218150000000000000e+05
2.218450000000000000e+05
2.218630000000000000e+05
2.218980000000000000e+05
2.219140000000000000e+05
2.219310000000000000e+05
2.219440000000000000e+05
2.219620000000000000e+05
2.219980000000000000e+05
2.220110000000000000e+05
2.220470000000000000e+05
2.220620000000000000e+05
2.220810000000000000e+05
2.220970000000000000e+05
2.221340000000000000e+05
2.221520000000000000e+05
2.221670000000000000e+05
2.221790000000000000e+05
2.222140000000000000e+05
2.222300000000000000e+05
2.222460000000000000e+05
2.222640000000000000e+05
2.222960000000000000e+05
2.223120000000000000e+05
2.223320000000000000e+05
2.223480000000000000e+05
2.223810000000000000e+05
2.223980000000000000e+05
2.224170000000000000e+05
2.224380000000000000e+05
2.224660000000000000e+05
2.224830000000000000e+05
2.225160000000000000e+05
2.225320000000000000e+05
2.225520000000000000e+05
2.225680000000000000e+05
2.225850000000000000e+05
2.226000000000000000e+05
2.226490000000000000e+05
2.226680000000000000e+05
2.226830000000000000e+05
2.227210000000000000e+05
2.227360000000000000e+05
2.227580000000000000e+05
2.227720000000000000e+05
2.227860000000000000e+05
2.228020000000000000e+05
2.228340000000000000e+05
2.228670000000000000e+05
2.228860000000000000e+05
2.229050000000000000e+05
2.229700000000000000e+05
2.230040000000000000e+05
2.230220000000000000e+05
2.230560000000000000e+05
2.230700000000000000e+05
2.230960000000000000e+05
2.231220000000000000e+05
2.231370000000000000e+05
2.231560000000000000e+05
2.231870000000000000e+05
2.232070000000000000e+05
2.232350000000000000e+05
2.232710000000000000e+05
2.232870000000000000e+05
2.233220000000000000e+05
2.233340000000000000e+05
2.233780000000000000e+05
2.233950000000000000e+05
2.234150000000000000e+05
2.234280000000000000e+05
2.234470000000000000e+05
2.234660000000000000e+05
2.235110000000000000e+05
2.235290000000000000e+05
2.235520000000000000e+05
2.235780000000000000e+05
2.235990000000000000e+05
2.236130000000000000e+05
2.236280000000000000e+05
2.236480000000000000e+05
2.236620000000000000e+05
2.236810000000000000e+05
2.236950000000000000e+05
2.237290000000000000e+05
2.237450000000000000e+05
2.237660000000000000e+05
2.237990000000000000e+05
2.238140000000000000e+05
2.238280000000000000e+05
2.238470000000000000e+05
2.238610000000000000e+05
2.239290000000000000e+05
2.239450000000000000e+05
2.239600000000000000e+05
2.240280000000000000e+05
2.240460000000000000e+05
2.240620000000000000e+05
2.240850000000000000e+05
2.241150000000000000e+05
2.241440000000000000e+05
2.241990000000000000e+05
2.242280000000000000e+05
2.242460000000000000e+05
2.242620000000000000e+05
2.242800000000000000e+05
2.243160000000000000e+05
2.243300000000000000e+05
2.243480000000000000e+05
2.243820000000000000e+05
2.243960000000000000e+05
2.244170000000000000e+05
2.244300000000000000e+05
2.244690000000000000e+05
2.244810000000000000e+05
2.244990000000000000e+05
2.245330000000000000e+05
2.245470000000000000e+05
2.245820000000000000e+05
2.245990000000000000e+05
2.246480000000000000e+05
2.246650000000000000e+05
2.246820000000000000e+05
2.246990000000000000e+05
2.247330000000000000e+05
2.247520000000000000e+05
2.247670000000000000e+05
2.247820000000000000e+05
2.248060000000000000e+05
2.248340000000000000e+05
2.248690000000000000e+05
2.248840000000000000e+05
2.249000000000000000e+05
2.249340000000000000e+05
2.249520000000000000e+05
2.249680000000000000e+05
2.249840000000000000e+05
2.250010000000000000e+05
2.250200000000000000e+05
2.250510000000000000e+05
2.250700000000000000e+05
2.250870000000000000e+05
2.251040000000000000e+05
2.251360000000000000e+05
2.251550000000000000e+05
2.251690000000000000e+05
2.251870000000000000e+05
2.252030000000000000e+05
2.252120000000000000e+05
2.252630000000000000e+05
2.252790000000000000e+05
2.252950000000000000e+05
2.253120000000000000e+05
2.253450000000000000e+05
2.253600000000000000e+05
2.253770000000000000e+05
2.253960000000000000e+05
2.254790000000000000e+05
2.254940000000000000e+05
2.255140000000000000e+05
2.255290000000000000e+05
2.255640000000000000e+05
2.255770000000000000e+05
2.255940000000000000e+05
2.256100000000000000e+05
2.256490000000000000e+05
2.256600000000000000e+05
2.256780000000000000e+05
2.256950000000000000e+05
2.257110000000000000e+05
2.257280000000000000e+05
2.257510000000000000e+05
2.257630000000000000e+05
2.257790000000000000e+05
2.257950000000000000e+05
2.258780000000000000e+05
2.258950000000000000e+05
2.259120000000000000e+05
2.259280000000000000e+05
2.259450000000000000e+05
2.259600000000000000e+05
2.259960000000000000e+05
2.260130000000000000e+05
2.260620000000000000e+05
2.260800000000000000e+05
2.261310000000000000e+05
2.261450000000000000e+05
2.261620000000000000e+05
2.261810000000000000e+05
2.261970000000000000e+05
2.262150000000000000e+05
2.262500000000000000e+05
2.262690000000000000e+05
2.262940000000000000e+05
2.263130000000000000e+05
2.263300000000000000e+05
2.263450000000000000e+05
2.263620000000000000e+05
2.263780000000000000e+05
2.264110000000000000e+05
2.264300000000000000e+05
2.264460000000000000e+05
2.264660000000000000e+05
2.264810000000000000e+05
2.265170000000000000e+05
2.265290000000000000e+05
2.265460000000000000e+05
2.265650000000000000e+05
2.266010000000000000e+05
2.266150000000000000e+05
2.266310000000000000e+05
2.266480000000000000e+05
2.266660000000000000e+05
2.266990000000000000e+05
2.267140000000000000e+05
2.267320000000000000e+05
2.267520000000000000e+05
2.267670000000000000e+05
2.267980000000000000e+05
2.268150000000000000e+05
2.268500000000000000e+05
2.268670000000000000e+05
2.268840000000000000e+05
2.269160000000000000e+05
2.269350000000000000e+05
2.269550000000000000e+05
2.269680000000000000e+05
2.269820000000000000e+05
2.270020000000000000e+05
2.270190000000000000e+05
2.270540000000000000e+05
2.270700000000000000e+05
2.270850000000000000e+05
2.271030000000000000e+05
2.271180000000000000e+05
2.271530000000000000e+05
2.271890000000000000e+05
2.272060000000000000e+05
2.272180000000000000e+05
2.272380000000000000e+05
2.272510000000000000e+05
2.272780000000000000e+05
2.272950000000000000e+05
2.273110000000000000e+05
2.273440000000000000e+05
2.273620000000000000e+05
2.273770000000000000e+05
2.273920000000000000e+05
2.274460000000000000e+05
2.274600000000000000e+05
2.274790000000000000e+05
2.274940000000000000e+05
2.275280000000000000e+05
2.275450000000000000e+05
2.275600000000000000e+05
2.275760000000000000e+05
2.276010000000000000e+05
2.276270000000000000e+05
2.276430000000000000e+05
2.276600000000000000e+05
2.276780000000000000e+05
2.276940000000000000e+05
2.277280000000000000e+05
2.277460000000000000e+05
2.277600000000000000e+05
2.278280000000000000e+05
2.278440000000000000e+05
2.278770000000000000e+05
2.278930000000000000e+05
2.279130000000000000e+05
2.279370000000000000e+05
2.279610000000000000e+05
2.279790000000000000e+05
2.279930000000000000e+05
2.280100000000000000e+05
2.280440000000000000e+05
2.280610000000000000e+05
2.280780000000000000e+05
2.280950000000000000e+05
2.281280000000000000e+05
2.281440000000000000e+05
2.281610000000000000e+05
2.281790000000000000e+05
2.282130000000000000e+05
2.282280000000000000e+05
2.282430000000000000e+05
2.282770000000000000e+05
2.282940000000000000e+05
2.283120000000000000e+05
2.283290000000000000e+05
2.283620000000000000e+05
2.283800000000000000e+05
2.283940000000000000e+05
2.284130000000000000e+05
2.284460000000000000e+05
2.284620000000000000e+05
2.284810000000000000e+05
2.284950000000000000e+05
2.285110000000000000e+05
2.285300000000000000e+05
2.285640000000000000e+05
2.285810000000000000e+05
2.285970000000000000e+05
2.286120000000000000e+05
2.286470000000000000e+05
2.286650000000000000e+05
2.286820000000000000e+05
2.287150000000000000e+05
2.287320000000000000e+05
2.287490000000000000e+05
2.288160000000000000e+05
2.288330000000000000e+05
2.288490000000000000e+05
2.288820000000000000e+05
2.289000000000000000e+05
2.289170000000000000e+05
2.289350000000000000e+05
2.289500000000000000e+05
2.290020000000000000e+05
2.290170000000000000e+05
2.290330000000000000e+05
2.290680000000000000e+05
2.290850000000000000e+05
2.291260000000000000e+05
2.291400000000000000e+05
2.291680000000000000e+05
2.291860000000000000e+05
2.292000000000000000e+05
2.292170000000000000e+05
2.292510000000000000e+05
2.292940000000000000e+05
2.293260000000000000e+05
2.293440000000000000e+05
2.293610000000000000e+05
2.293760000000000000e+05
2.294110000000000000e+05
2.294260000000000000e+05
2.294410000000000000e+05
2.294760000000000000e+05
2.295090000000000000e+05
2.295290000000000000e+05
2.295470000000000000e+05
2.295770000000000000e+05
2.295910000000000000e+05
2.296100000000000000e+05
2.296250000000000000e+05
2.296420000000000000e+05
2.296600000000000000e+05
2.296970000000000000e+05
2.297290000000000000e+05
2.297470000000000000e+05
2.297590000000000000e+05
2.297920000000000000e+05
2.298100000000000000e+05
2.298280000000000000e+05
2.298590000000000000e+05
2.298760000000000000e+05
2.298960000000000000e+05
2.299090000000000000e+05
2.299260000000000000e+05
2.299420000000000000e+05
2.299620000000000000e+05
2.299930000000000000e+05
2.300110000000000000e+05
2.300270000000000000e+05
2.300430000000000000e+05
2.300770000000000000e+05
2.300920000000000000e+05
2.301080000000000000e+05
2.301260000000000000e+05
2.301440000000000000e+05
2.301750000000000000e+05
2.301920000000000000e+05
2.302280000000000000e+05
2.302610000000000000e+05
2.302810000000000000e+05
2.302920000000000000e+05
2.303090000000000000e+05
2.303440000000000000e+05
2.303600000000000000e+05
2.303950000000000000e+05
2.304130000000000000e+05
2.304280000000000000e+05
2.304440000000000000e+05
2.304630000000000000e+05
2.304950000000000000e+05
2.305130000000000000e+05
2.305280000000000000e+05
2.305440000000000000e+05
2.305810000000000000e+05
2.305950000000000000e+05
2.306130000000000000e+05
2.306470000000000000e+05
2.306630000000000000e+05
2.306790000000000000e+05
2.306970000000000000e+05
2.307670000000000000e+05
2.308320000000000000e+05
2.308480000000000000e+05
2.308630000000000000e+05
2.308820000000000000e+05
2.309150000000000000e+05
2.309330000000000000e+05
2.309500000000000000e+05
2.309810000000000000e+05
2.309980000000000000e+05
2.310150000000000000e+05
2.310480000000000000e+05
2.310660000000000000e+05
2.310860000000000000e+05
2.311170000000000000e+05
2.311340000000000000e+05
2.311810000000000000e+05
2.311930000000000000e+05
2.312180000000000000e+05
2.312330000000000000e+05
2.312420000000000000e+05
2.312770000000000000e+05
2.312930000000000000e+05
2.313260000000000000e+05
2.313430000000000000e+05
2.313580000000000000e+05
2.313950000000000000e+05
2.314290000000000000e+05
2.314390000000000000e+05
2.314640000000000000e+05
2.315240000000000000e+05
2.315430000000000000e+05
2.315590000000000000e+05
2.315740000000000000e+05
2.316090000000000000e+05
2.316270000000000000e+05
2.316420000000000000e+05
2.316590000000000000e+05
2.316750000000000000e+05
2.317100000000000000e+05
2.317270000000000000e+05
2.317580000000000000e+05
2.317750000000000000e+05
2.317910000000000000e+05
2.318590000000000000e+05
2.318760000000000000e+05
2.318930000000000000e+05
2.319110000000000000e+05
2.319290000000000000e+05
2.319570000000000000e+05
2.319760000000000000e+05
2.319930000000000000e+05
2.320250000000000000e+05
2.320420000000000000e+05
2.320770000000000000e+05
2.320930000000000000e+05
2.321090000000000000e+05
2.321260000000000000e+05
2.321600000000000000e+05
2.321760000000000000e+05
2.322090000000000000e+05
2.322420000000000000e+05
2.322590000000000000e+05
2.322930000000000000e+05
2.323090000000000000e+05
2.323270000000000000e+05
2.323440000000000000e+05
2.323770000000000000e+05
2.323940000000000000e+05
2.324110000000000000e+05
2.324270000000000000e+05
2.324630000000000000e+05
2.324790000000000000e+05
2.325260000000000000e+05
2.325440000000000000e+05
2.325790000000000000e+05
2.325950000000000000e+05
2.326110000000000000e+05
2.326270000000000000e+05
2.326490000000000000e+05
2.326800000000000000e+05
2.326970000000000000e+05
2.327280000000000000e+05
2.327470000000000000e+05
2.327640000000000000e+05
2.327800000000000000e+05
2.327970000000000000e+05
2.328140000000000000e+05
2.328460000000000000e+05
2.328970000000000000e+05
2.329300000000000000e+05
2.329480000000000000e+05
2.329990000000000000e+05
2.330150000000000000e+05
2.330310000000000000e+05
2.330490000000000000e+05
2.330650000000000000e+05
2.330990000000000000e+05
2.331330000000000000e+05
2.331480000000000000e+05
2.331650000000000000e+05
2.331820000000000000e+05
2.332170000000000000e+05
2.332340000000000000e+05
2.332520000000000000e+05
2.332640000000000000e+05
2.332940000000000000e+05
2.333080000000000000e+05
2.333280000000000000e+05
2.333420000000000000e+05
2.333740000000000000e+05
2.333900000000000000e+05
2.334080000000000000e+05
2.334270000000000000e+05
2.334590000000000000e+05
2.334760000000000000e+05
2.335070000000000000e+05
2.335250000000000000e+05
2.335430000000000000e+05
2.335760000000000000e+05
2.335950000000000000e+05
2.336100000000000000e+05
2.336260000000000000e+05
2.336750000000000000e+05
2.336930000000000000e+05
2.337080000000000000e+05
2.337240000000000000e+05
2.337560000000000000e+05
2.337740000000000000e+05
2.338090000000000000e+05
2.338240000000000000e+05
2.338900000000000000e+05
2.339100000000000000e+05
2.339250000000000000e+05
2.339420000000000000e+05
2.339750000000000000e+05
2.339910000000000000e+05
2.340070000000000000e+05
2.340580000000000000e+05
2.340740000000000000e+05
2.340910000000000000e+05
2.341100000000000000e+05
2.341300000000000000e+05
2.341580000000000000e+05
2.341730000000000000e+05
2.342080000000000000e+05
2.342230000000000000e+05
2.342420000000000000e+05
2.342590000000000000e+05
2.342920000000000000e+05
2.343090000000000000e+05
2.343270000000000000e+05
2.343460000000000000e+05
2.343600000000000000e+05
2.343750000000000000e+05
2.343930000000000000e+05
2.344160000000000000e+05
2.344270000000000000e+05
2.344620000000000000e+05
2.344760000000000000e+05
2.344950000000000000e+05
2.345270000000000000e+05
2.345430000000000000e+05
2.345600000000000000e+05
2.345780000000000000e+05
2.345940000000000000e+05
2.346100000000000000e+05
2.346770000000000000e+05
2.347790000000000000e+05
2.347960000000000000e+05
2.348120000000000000e+05
2.348450000000000000e+05
2.348640000000000000e+05
2.348800000000000000e+05
2.348970000000000000e+05
2.349130000000000000e+05
2.349460000000000000e+05
2.349650000000000000e+05
2.349810000000000000e+05
2.350150000000000000e+05
2.350310000000000000e+05
2.350500000000000000e+05
2.350630000000000000e+05
2.350820000000000000e+05
2.351140000000000000e+05
2.351310000000000000e+05
2.351480000000000000e+05
2.351640000000000000e+05
2.351810000000000000e+05
2.352140000000000000e+05
2.352310000000000000e+05
2.352670000000000000e+05
2.352760000000000000e+05
2.353110000000000000e+05
2.353230000000000000e+05
2.353410000000000000e+05
2.353570000000000000e+05
2.353750000000000000e+05
2.353910000000000000e+05
2.354080000000000000e+05
2.354410000000000000e+05
2.354950000000000000e+05
2.355110000000000000e+05
2.355220000000000000e+05
2.355410000000000000e+05
2.355730000000000000e+05
2.355910000000000000e+05
2.356070000000000000e+05
2.356230000000000000e+05
2.356390000000000000e+05
2.356590000000000000e+05
2.356740000000000000e+05
2.357100000000000000e+05
2.357260000000000000e+05
2.357420000000000000e+05
2.357740000000000000e+05
2.357890000000000000e+05
2.358070000000000000e+05
2.358230000000000000e+05
2.358410000000000000e+05
2.358730000000000000e+05
2.358920000000000000e+05
2.359170000000000000e+05
2.359620000000000000e+05
2.359910000000000000e+05
2.360070000000000000e+05
2.360230000000000000e+05
2.360580000000000000e+05
2.360740000000000000e+05
2.360920000000000000e+05
2.361230000000000000e+05
2.361450000000000000e+05
2.361570000000000000e+05
2.361910000000000000e+05
2.362080000000000000e+05
2.362250000000000000e+05
2.362580000000000000e+05
2.362750000000000000e+05
2.363060000000000000e+05
2.363230000000000000e+05
2.363590000000000000e+05
2.363750000000000000e+05
2.363920000000000000e+05
2.364090000000000000e+05
2.364240000000000000e+05
2.364570000000000000e+05
2.364750000000000000e+05
2.365100000000000000e+05
2.365270000000000000e+05
2.365420000000000000e+05
2.365580000000000000e+05
2.365750000000000000e+05
2.366110000000000000e+05
2.366300000000000000e+05
2.366450000000000000e+05
2.366590000000000000e+05
2.367110000000000000e+05
2.367450000000000000e+05
2.367600000000000000e+05
2.367780000000000000e+05
2.367970000000000000e+05
2.368270000000000000e+05
2.368450000000000000e+05
2.368790000000000000e+05
2.368940000000000000e+05
2.369120000000000000e+05
2.369450000000000000e+05
2.369630000000000000e+05
2.369800000000000000e+05
2.370670000000000000e+05
2.370800000000000000e+05
2.370960000000000000e+05
2.371140000000000000e+05
2.371330000000000000e+05
2.371650000000000000e+05
2.372140000000000000e+05
2.372320000000000000e+05
2.372680000000000000e+05
2.372820000000000000e+05
2.373070000000000000e+05
2.373240000000000000e+05
2.373410000000000000e+05
2.373550000000000000e+05
2.373740000000000000e+05
2.374300000000000000e+05
2.374580000000000000e+05
2.374730000000000000e+05
2.374890000000000000e+05
2.375100000000000000e+05
2.375240000000000000e+05
2.375380000000000000e+05
2.375560000000000000e+05
2.375750000000000000e+05
2.375930000000000000e+05
2.376070000000000000e+05
2.376250000000000000e+05
2.376410000000000000e+05
2.376730000000000000e+05
2.376900000000000000e+05
2.377090000000000000e+05
2.377210000000000000e+05
2.377380000000000000e+05
2.377720000000000000e+05
2.377880000000000000e+05
2.378050000000000000e+05
2.378230000000000000e+05
2.378550000000000000e+05
2.378720000000000000e+05
2.378930000000000000e+05
2.379230000000000000e+05
2.379390000000000000e+05
2.379560000000000000e+05
2.379720000000000000e+05
2.379890000000000000e+05
2.380230000000000000e+05
2.380390000000000000e+05
2.380570000000000000e+05
2.380720000000000000e+05
2.381070000000000000e+05
2.381270000000000000e+05
2.381400000000000000e+05
2.381550000000000000e+05
2.381720000000000000e+05
2.381890000000000000e+05
2.382070000000000000e+05
2.382300000000000000e+05
2.382570000000000000e+05
2.382720000000000000e+05
2.382910000000000000e+05
2.383050000000000000e+05
2.383240000000000000e+05
2.383480000000000000e+05
2.383730000000000000e+05
2.383920000000000000e+05
2.384230000000000000e+05
2.384590000000000000e+05
2.384920000000000000e+05
2.385090000000000000e+05
2.385260000000000000e+05
2.385410000000000000e+05
2.385590000000000000e+05
2.385920000000000000e+05
2.386090000000000000e+05
2.386260000000000000e+05
2.386470000000000000e+05
2.386770000000000000e+05
2.387250000000000000e+05
2.387440000000000000e+05
2.387600000000000000e+05
2.388110000000000000e+05
2.388280000000000000e+05
2.388450000000000000e+05
2.388620000000000000e+05
2.388760000000000000e+05
2.389130000000000000e+05
2.389270000000000000e+05
2.389630000000000000e+05
2.389770000000000000e+05
2.389950000000000000e+05
2.390300000000000000e+05
2.390480000000000000e+05
2.390650000000000000e+05
2.390760000000000000e+05
2.391010000000000000e+05
2.391290000000000000e+05
2.391650000000000000e+05
2.391830000000000000e+05
2.391960000000000000e+05
2.392320000000000000e+05
2.392480000000000000e+05
2.392630000000000000e+05
2.392920000000000000e+05
2.393070000000000000e+05
2.393240000000000000e+05
2.393500000000000000e+05
2.393750000000000000e+05
2.393910000000000000e+05
2.394070000000000000e+05
2.394220000000000000e+05
2.394410000000000000e+05
2.394570000000000000e+05
2.394890000000000000e+05
2.395090000000000000e+05
2.395240000000000000e+05
2.395490000000000000e+05
2.395620000000000000e+05
2.395920000000000000e+05
2.396070000000000000e+05
2.396240000000000000e+05
2.396400000000000000e+05
2.396730000000000000e+05
2.396880000000000000e+05
2.397040000000000000e+05
2.397210000000000000e+05
2.397570000000000000e+05
2.397730000000000000e+05
2.398050000000000000e+05
2.398220000000000000e+05
2.398380000000000000e+05
2.398780000000000000e+05
2.398900000000000000e+05
2.399070000000000000e+05
2.399230000000000000e+05
2.399540000000000000e+05
2.399710000000000000e+05
2.399870000000000000e+05
2.400090000000000000e+05
2.400400000000000000e+05
2.400570000000000000e+05
2.400890000000000000e+05
2.401060000000000000e+05
2.401220000000000000e+05
2.401410000000000000e+05
2.401550000000000000e+05
2.401750000000000000e+05
2.401900000000000000e+05
2.402060000000000000e+05
2.402380000000000000e+05
2.402560000000000000e+05
2.402710000000000000e+05
2.403070000000000000e+05
2.403220000000000000e+05
2.403390000000000000e+05
2.403570000000000000e+05
2.403880000000000000e+05
2.404070000000000000e+05
2.404260000000000000e+05
2.404410000000000000e+05
2.404570000000000000e+05
2.404910000000000000e+05
2.405070000000000000e+05
2.405220000000000000e+05
2.405540000000000000e+05
2.405640000000000000e+05
2.405920000000000000e+05
2.406090000000000000e+05
2.406240000000000000e+05
2.406420000000000000e+05
2.406760000000000000e+05
2.406990000000000000e+05
2.407110000000000000e+05
2.407750000000000000e+05
2.408080000000000000e+05
2.408260000000000000e+05
2.408430000000000000e+05
2.408800000000000000e+05
2.408940000000000000e+05
2.409100000000000000e+05
2.409440000000000000e+05
2.409640000000000000e+05
2.409950000000000000e+05
2.410100000000000000e+05
2.410430000000000000e+05
2.410620000000000000e+05
2.410790000000000000e+05
2.410970000000000000e+05
2.411290000000000000e+05
2.411440000000000000e+05
2.411620000000000000e+05
2.411970000000000000e+05
2.412130000000000000e+05
2.412300000000000000e+05
2.412580000000000000e+05
2.413240000000000000e+05
2.413410000000000000e+05
2.413540000000000000e+05
2.414200000000000000e+05
2.414390000000000000e+05
2.414550000000000000e+05
2.414700000000000000e+05
2.414880000000000000e+05
2.415040000000000000e+05
2.415220000000000000e+05
2.415650000000000000e+05
2.415780000000000000e+05
2.415910000000000000e+05
2.416030000000000000e+05
2.416220000000000000e+05
2.416550000000000000e+05
2.416730000000000000e+05
2.416870000000000000e+05
2.417040000000000000e+05
2.417210000000000000e+05
2.417380000000000000e+05
2.417710000000000000e+05
2.417980000000000000e+05
2.418120000000000000e+05
2.418280000000000000e+05
2.418550000000000000e+05
2.418930000000000000e+05
2.419140000000000000e+05
2.419270000000000000e+05
2.419540000000000000e+05
2.419740000000000000e+05
2.420040000000000000e+05
2.420220000000000000e+05
2.420880000000000000e+05
2.421060000000000000e+05
2.421210000000000000e+05
2.421380000000000000e+05
2.421730000000000000e+05
2.421890000000000000e+05
2.422070000000000000e+05
2.422230000000000000e+05
2.422360000000000000e+05
2.422540000000000000e+05
2.422870000000000000e+05
2.423060000000000000e+05
2.423250000000000000e+05
2.423530000000000000e+05
2.423710000000000000e+05
2.423870000000000000e+05
2.424040000000000000e+05
2.424210000000000000e+05
2.424580000000000000e+05
2.424710000000000000e+05
2.424890000000000000e+05
2.425240000000000000e+05
2.425430000000000000e+05
2.425550000000000000e+05
2.425910000000000000e+05
2.426080000000000000e+05
2.426230000000000000e+05
2.426410000000000000e+05
2.426740000000000000e+05
2.426940000000000000e+05
2.427110000000000000e+05
2.427260000000000000e+05
2.427590000000000000e+05
2.427750000000000000e+05
2.427920000000000000e+05
2.428260000000000000e+05
2.428440000000000000e+05
2.428770000000000000e+05
2.428920000000000000e+05
2.429110000000000000e+05
2.429420000000000000e+05
2.429590000000000000e+05
2.429940000000000000e+05
2.430110000000000000e+05
2.430280000000000000e+05
2.430430000000000000e+05
2.430770000000000000e+05
2.430960000000000000e+05
2.431100000000000000e+05
2.431330000000000000e+05
2.431480000000000000e+05
2.431700000000000000e+05
2.431950000000000000e+05
2.432120000000000000e+05
2.432280000000000000e+05
2.432610000000000000e+05
2.432790000000000000e+05
2.432950000000000000e+05
2.433200000000000000e+05
2.433390000000000000e+05
2.433550000000000000e+05
2.433720000000000000e+05
2.434050000000000000e+05
2.434190000000000000e+05
2.434380000000000000e+05
2.434580000000000000e+05
2.434720000000000000e+05
2.434870000000000000e+05
2.435040000000000000e+05
2.435230000000000000e+05
2.435540000000000000e+05
2.435710000000000000e+05
2.435870000000000000e+05
2.436120000000000000e+05
2.436400000000000000e+05
2.436540000000000000e+05
2.436860000000000000e+05
2.437070000000000000e+05
2.437220000000000000e+05
2.437550000000000000e+05
2.437690000000000000e+05
2.438050000000000000e+05
2.438240000000000000e+05
2.438350000000000000e+05
2.438720000000000000e+05
2.438880000000000000e+05
2.439040000000000000e+05
2.439380000000000000e+05
2.439540000000000000e+05
2.439880000000000000e+05
2.440050000000000000e+05
2.440210000000000000e+05
2.440380000000000000e+05
2.440690000000000000e+05
2.441210000000000000e+05
2.441550000000000000e+05
2.441700000000000000e+05
2.441870000000000000e+05
2.442540000000000000e+05
2.442690000000000000e+05
2.442890000000000000e+05
2.443220000000000000e+05
2.443390000000000000e+05
2.443540000000000000e+05
2.443690000000000000e+05
2.444050000000000000e+05
2.444200000000000000e+05
2.444390000000000000e+05
2.444540000000000000e+05
2.444740000000000000e+05
2.444890000000000000e+05
2.445210000000000000e+05
2.445400000000000000e+05
2.445730000000000000e+05
2.445900000000000000e+05
2.446050000000000000e+05
2.446220000000000000e+05
2.446910000000000000e+05
2.447060000000000000e+05
2.447230000000000000e+05
2.447580000000000000e+05
2.447760000000000000e+05
2.447920000000000000e+05
2.448250000000000000e+05
2.448420000000000000e+05
2.448570000000000000e+05
2.448750000000000000e+05
2.449090000000000000e+05
2.449260000000000000e+05
2.449600000000000000e+05
2.449770000000000000e+05
2.449910000000000000e+05
2.450120000000000000e+05
2.450270000000000000e+05
2.450600000000000000e+05
2.450760000000000000e+05
2.450930000000000000e+05
2.451300000000000000e+05
2.451440000000000000e+05
2.451600000000000000e+05
2.451940000000000000e+05
2.452110000000000000e+05
2.452270000000000000e+05
2.452430000000000000e+05
2.452610000000000000e+05
2.452940000000000000e+05
2.453140000000000000e+05
2.453230000000000000e+05
2.453570000000000000e+05
2.453860000000000000e+05
2.454030000000000000e+05
2.454180000000000000e+05
2.454700000000000000e+05
2.454850000000000000e+05
2.455190000000000000e+05
2.455350000000000000e+05
2.455530000000000000e+05
2.455680000000000000e+05
2.455880000000000000e+05
2.456200000000000000e+05
2.456370000000000000e+05
2.456540000000000000e+05
2.456850000000000000e+05
2.457020000000000000e+05
2.457200000000000000e+05
2.457360000000000000e+05
2.457710000000000000e+05
2.457850000000000000e+05
2.458020000000000000e+05
2.458370000000000000e+05
2.458510000000000000e+05
2.458690000000000000e+05
2.459020000000000000e+05
2.459200000000000000e+05
2.459380000000000000e+05
2.459690000000000000e+05
2.459870000000000000e+05
2.460040000000000000e+05
2.460180000000000000e+05
2.460510000000000000e+05
2.460680000000000000e+05
2.460880000000000000e+05
2.461210000000000000e+05
2.461420000000000000e+05
2.461680000000000000e+05
2.461840000000000000e+05
2.462040000000000000e+05
2.462360000000000000e+05
2.462520000000000000e+05
2.462690000000000000e+05
2.462860000000000000e+05
2.463100000000000000e+05
2.463360000000000000e+05
2.463530000000000000e+05
2.463720000000000000e+05
2.463870000000000000e+05
2.464040000000000000e+05
2.464400000000000000e+05
2.464550000000000000e+05
2.464870000000000000e+05
2.465030000000000000e+05
2.465200000000000000e+05
2.465700000000000000e+05
2.465890000000000000e+05
2.466050000000000000e+05
2.466210000000000000e+05
2.466380000000000000e+05
2.466730000000000000e+05
2.466900000000000000e+05
2.467240000000000000e+05
2.467390000000000000e+05
2.467550000000000000e+05
2.467730000000000000e+05
2.468070000000000000e+05
2.468230000000000000e+05
2.468390000000000000e+05
2.468760000000000000e+05
2.468940000000000000e+05
2.469250000000000000e+05
2.469420000000000000e+05
2.469570000000000000e+05
2.469920000000000000e+05
2.470090000000000000e+05
2.470240000000000000e+05
2.470630000000000000e+05
2.470830000000000000e+05
2.471100000000000000e+05
2.471290000000000000e+05
2.471430000000000000e+05
2.471610000000000000e+05
2.471930000000000000e+05
2.472100000000000000e+05
2.472260000000000000e+05
2.472610000000000000e+05
2.472780000000000000e+05
2.472950000000000000e+05
2.473100000000000000e+05
2.473840000000000000e+05
2.474030000000000000e+05
2.474180000000000000e+05
2.474510000000000000e+05
2.474710000000000000e+05
2.474860000000000000e+05
2.475040000000000000e+05
2.475170000000000000e+05
2.475340000000000000e+05
2.475530000000000000e+05
2.475700000000000000e+05
2.476030000000000000e+05
2.476190000000000000e+05
2.476360000000000000e+05
2.476710000000000000e+05
2.476930000000000000e+05
2.477050000000000000e+05
2.477360000000000000e+05
2.477530000000000000e+05
2.477680000000000000e+05
2.478030000000000000e+05
2.478210000000000000e+05
2.478360000000000000e+05
2.478520000000000000e+05
2.478680000000000000e+05
2.479030000000000000e+05
2.479230000000000000e+05
2.479360000000000000e+05
2.479590000000000000e+05
2.479930000000000000e+05
2.480040000000000000e+05
2.480340000000000000e+05
2.480510000000000000e+05
2.480720000000000000e+05
2.480860000000000000e+05
2.481180000000000000e+05
2.481350000000000000e+05
2.481510000000000000e+05
2.481760000000000000e+05
2.481930000000000000e+05
2.482590000000000000e+05
2.482700000000000000e+05
2.483030000000000000e+05
2.483180000000000000e+05
2.483360000000000000e+05
2.483520000000000000e+05
2.483670000000000000e+05
2.483850000000000000e+05
2.484010000000000000e+05
2.484180000000000000e+05
2.484380000000000000e+05
2.484700000000000000e+05
2.484870000000000000e+05
2.485030000000000000e+05
2.485370000000000000e+05
2.485530000000000000e+05
2.485700000000000000e+05
2.486050000000000000e+05
2.486210000000000000e+05
2.486370000000000000e+05
2.486560000000000000e+05
2.486890000000000000e+05
2.487050000000000000e+05
2.487220000000000000e+05
2.487550000000000000e+05
2.487730000000000000e+05
2.487960000000000000e+05
2.488100000000000000e+05
2.488390000000000000e+05
2.488550000000000000e+05
2.488730000000000000e+05
2.488890000000000000e+05
2.489070000000000000e+05
2.489220000000000000e+05
2.489400000000000000e+05
2.489760000000000000e+05
2.489910000000000000e+05
2.490200000000000000e+05
2.490290000000000000e+05
2.490400000000000000e+05
2.490730000000000000e+05
2.490920000000000000e+05
2.491090000000000000e+05
2.491250000000000000e+05
2.491410000000000000e+05
2.491740000000000000e+05
2.491930000000000000e+05
2.492070000000000000e+05
2.492280000000000000e+05
2.492600000000000000e+05
2.492770000000000000e+05
2.492920000000000000e+05
2.493250000000000000e+05
2.493370000000000000e+05
2.493670000000000000e+05
2.493850000000000000e+05
2.494030000000000000e+05
2.494180000000000000e+05
2.494520000000000000e+05
2.494670000000000000e+05
2.495020000000000000e+05
2.495190000000000000e+05
2.495510000000000000e+05
2.495700000000000000e+05
2.495830000000000000e+05
2.496190000000000000e+05
2.496350000000000000e+05
2.496520000000000000e+05
2.496660000000000000e+05
2.496830000000000000e+05
2.497000000000000000e+05
2.497190000000000000e+05
2.497330000000000000e+05
2.497680000000000000e+05
2.497830000000000000e+05
2.498000000000000000e+05
2.498190000000000000e+05
2.498370000000000000e+05
2.498690000000000000e+05
2.498830000000000000e+05
2.499010000000000000e+05
2.499180000000000000e+05
2.499540000000000000e+05
2.499680000000000000e+05
2.499840000000000000e+05
2.500190000000000000e+05
2.500340000000000000e+05
2.500520000000000000e+05
2.500830000000000000e+05
2.500990000000000000e+05
2.501180000000000000e+05
2.501360000000000000e+05
2.501530000000000000e+05
2.501860000000000000e+05
2.502010000000000000e+05
2.502160000000000000e+05
2.502350000000000000e+05
2.502500000000000000e+05
2.502670000000000000e+05
2.503040000000000000e+05
2.503180000000000000e+05
2.503350000000000000e+05
2.503520000000000000e+05
2.503850000000000000e+05
2.504000000000000000e+05
2.504360000000000000e+05
2.504560000000000000e+05
2.504680000000000000e+05
2.505010000000000000e+05
2.505190000000000000e+05
2.505350000000000000e+05
2.505540000000000000e+05
2.505700000000000000e+05
2.505860000000000000e+05
2.506210000000000000e+05
2.506370000000000000e+05
2.506890000000000000e+05
2.507080000000000000e+05
2.507370000000000000e+05
2.507560000000000000e+05
2.507700000000000000e+05
2.507860000000000000e+05
2.508060000000000000e+05
2.508380000000000000e+05
2.508540000000000000e+05
2.508730000000000000e+05
2.508870000000000000e+05
2.509210000000000000e+05
2.509390000000000000e+05
2.509560000000000000e+05
2.509920000000000000e+05
2.510050000000000000e+05
2.510230000000000000e+05
2.510400000000000000e+05
2.510560000000000000e+05
2.510770000000000000e+05
2.510910000000000000e+05
2.511410000000000000e+05
2.511580000000000000e+05
2.511750000000000000e+05
2.512090000000000000e+05
2.512250000000000000e+05
2.512410000000000000e+05
2.512600000000000000e+05
2.512950000000000000e+05
2.513090000000000000e+05
2.513380000000000000e+05
2.513820000000000000e+05
2.514000000000000000e+05
2.514160000000000000e+05
2.514320000000000000e+05
2.514510000000000000e+05
2.514840000000000000e+05
2.515010000000000000e+05
2.515170000000000000e+05
2.515500000000000000e+05
2.515680000000000000e+05
2.515830000000000000e+05
2.516000000000000000e+05
2.516170000000000000e+05
2.516340000000000000e+05
2.516680000000000000e+05
2.516840000000000000e+05
2.517030000000000000e+05
2.517160000000000000e+05
2.517320000000000000e+05
2.518020000000000000e+05
2.518200000000000000e+05
2.518340000000000000e+05
2.518490000000000000e+05
2.518700000000000000e+05
2.518830000000000000e+05
2.519000000000000000e+05
2.519350000000000000e+05
2.519500000000000000e+05
2.519830000000000000e+05
2.520210000000000000e+05
2.520340000000000000e+05
2.520590000000000000e+05
2.520730000000000000e+05
2.520840000000000000e+05
2.521170000000000000e+05
2.521350000000000000e+05
2.521670000000000000e+05
2.521830000000000000e+05
2.521980000000000000e+05
2.522160000000000000e+05
2.522500000000000000e+05
2.522670000000000000e+05
2.523010000000000000e+05
2.523180000000000000e+05
2.523510000000000000e+05
2.523660000000000000e+05
2.523830000000000000e+05
2.524180000000000000e+05
2.524350000000000000e+05
2.524500000000000000e+05
2.524670000000000000e+05
2.525010000000000000e+05
2.525190000000000000e+05
2.525330000000000000e+05
2.525510000000000000e+05
2.525680000000000000e+05
2.526030000000000000e+05
2.526200000000000000e+05
2.526360000000000000e+05
2.526690000000000000e+05
2.526860000000000000e+05
2.527030000000000000e+05
2.527200000000000000e+05
2.527550000000000000e+05
2.527710000000000000e+05
2.528040000000000000e+05
2.528210000000000000e+05
2.528390000000000000e+05
2.528720000000000000e+05
2.528890000000000000e+05
2.529030000000000000e+05
2.529380000000000000e+05
2.529540000000000000e+05
2.529710000000000000e+05
2.530060000000000000e+05
2.530230000000000000e+05
2.530380000000000000e+05
2.530730000000000000e+05
2.530890000000000000e+05
2.531070000000000000e+05
2.531230000000000000e+05
2.531580000000000000e+05
2.531730000000000000e+05
2.531900000000000000e+05
2.532080000000000000e+05
2.532410000000000000e+05
2.532570000000000000e+05
2.532900000000000000e+05
2.533080000000000000e+05
2.533250000000000000e+05
2.533430000000000000e+05
2.533530000000000000e+05
2.533990000000000000e+05
2.534170000000000000e+05
2.534360000000000000e+05
2.534500000000000000e+05
2.534670000000000000e+05
2.535010000000000000e+05
2.535160000000000000e+05
2.535340000000000000e+05
2.535660000000000000e+05
2.535820000000000000e+05
2.536000000000000000e+05
2.536190000000000000e+05
2.536500000000000000e+05
2.536650000000000000e+05
2.536840000000000000e+05
2.537010000000000000e+05
2.537170000000000000e+05
2.537500000000000000e+05
2.537660000000000000e+05
2.537810000000000000e+05
2.537990000000000000e+05
2.538330000000000000e+05
2.538500000000000000e+05
2.538650000000000000e+05
2.538820000000000000e+05
2.539170000000000000e+05
2.539320000000000000e+05
2.539480000000000000e+05
2.539840000000000000e+05
2.539980000000000000e+05
2.540190000000000000e+05
2.540340000000000000e+05
2.540660000000000000e+05
2.540830000000000000e+05
2.541000000000000000e+05
2.541170000000000000e+05
2.541490000000000000e+05
2.541670000000000000e+05
2.541850000000000000e+05
2.541990000000000000e+05
2.542670000000000000e+05
2.542840000000000000e+05
2.543000000000000000e+05
2.543170000000000000e+05
2.543490000000000000e+05
2.543680000000000000e+05
2.544170000000000000e+05
2.544330000000000000e+05
2.544700000000000000e+05
2.544840000000000000e+05
2.545050000000000000e+05
2.545330000000000000e+05
2.545500000000000000e+05
2.545690000000000000e+05
2.546030000000000000e+05
2.546200000000000000e+05
2.546350000000000000e+05
2.546530000000000000e+05
2.546710000000000000e+05
2.547020000000000000e+05
2.547180000000000000e+05
2.547350000000000000e+05
2.547520000000000000e+05
2.547880000000000000e+05
2.548040000000000000e+05
2.548210000000000000e+05
2.548520000000000000e+05
2.548700000000000000e+05
2.549390000000000000e+05
2.549550000000000000e+05
2.549710000000000000e+05
2.549870000000000000e+05
2.550210000000000000e+05
2.550390000000000000e+05
2.550550000000000000e+05
2.550710000000000000e+05
2.551040000000000000e+05
2.551230000000000000e+05
2.551400000000000000e+05
2.551570000000000000e+05
2.551730000000000000e+05
2.552050000000000000e+05
2.552240000000000000e+05
2.552560000000000000e+05
2.552750000000000000e+05
2.552900000000000000e+05
2.553010000000000000e+05
2.553250000000000000e+05
2.553580000000000000e+05
2.553690000000000000e+05
2.553830000000000000e+05
2.554150000000000000e+05
2.554330000000000000e+05
2.554530000000000000e+05
2.554660000000000000e+05
2.554830000000000000e+05
2.555000000000000000e+05
2.555150000000000000e+05
2.555810000000000000e+05
2.556040000000000000e+05
2.556160000000000000e+05
2.556320000000000000e+05
2.556490000000000000e+05
2.556820000000000000e+05
2.556990000000000000e+05
2.557160000000000000e+05
2.557330000000000000e+05
2.557510000000000000e+05
2.557640000000000000e+05
2.557980000000000000e+05
2.558140000000000000e+05
2.558380000000000000e+05
2.558470000000000000e+05
2.558830000000000000e+05
2.558990000000000000e+05
2.559180000000000000e+05
2.559340000000000000e+05
2.559650000000000000e+05
2.559810000000000000e+05
2.560060000000000000e+05
2.560190000000000000e+05
2.560340000000000000e+05
2.560500000000000000e+05
2.560860000000000000e+05
2.560990000000000000e+05
2.561320000000000000e+05
2.561490000000000000e+05
2.561640000000000000e+05
2.561820000000000000e+05
2.562150000000000000e+05
2.562360000000000000e+05
2.562520000000000000e+05
2.562840000000000000e+05
2.563000000000000000e+05
2.563210000000000000e+05
2.563520000000000000e+05
2.563680000000000000e+05
2.563810000000000000e+05
2.563980000000000000e+05
2.564170000000000000e+05
2.564390000000000000e+05
2.564670000000000000e+05
2.564820000000000000e+05
2.565060000000000000e+05
2.565370000000000000e+05
2.565530000000000000e+05
2.565840000000000000e+05
2.566090000000000000e+05
2.566190000000000000e+05
2.566510000000000000e+05
2.566690000000000000e+05
2.567010000000000000e+05
2.567160000000000000e+05
2.567330000000000000e+05
2.567540000000000000e+05
2.567700000000000000e+05
2.567860000000000000e+05
2.568190000000000000e+05
2.568350000000000000e+05
2.568520000000000000e+05
2.568850000000000000e+05
2.569380000000000000e+05
2.569520000000000000e+05
2.569720000000000000e+05
2.570040000000000000e+05
2.570210000000000000e+05
2.570360000000000000e+05
2.570540000000000000e+05
2.571220000000000000e+05
2.571730000000000000e+05
2.571880000000000000e+05
2.572090000000000000e+05
2.572400000000000000e+05
2.572570000000000000e+05
2.572730000000000000e+05
2.572880000000000000e+05
2.573050000000000000e+05
2.573230000000000000e+05
2.573390000000000000e+05
2.573680000000000000e+05
2.574000000000000000e+05
2.574140000000000000e+05
2.574330000000000000e+05
2.574570000000000000e+05
2.574690000000000000e+05
2.574970000000000000e+05
2.575140000000000000e+05
2.575320000000000000e+05
2.575480000000000000e+05
2.576020000000000000e+05
2.576130000000000000e+05
2.576330000000000000e+05
2.576480000000000000e+05
2.576670000000000000e+05
2.576810000000000000e+05
2.576960000000000000e+05
2.577140000000000000e+05
2.577300000000000000e+05
2.577630000000000000e+05
2.577840000000000000e+05
2.577960000000000000e+05
2.578150000000000000e+05
2.578310000000000000e+05
2.578460000000000000e+05
2.578660000000000000e+05
2.578810000000000000e+05
2.578970000000000000e+05
2.579310000000000000e+05
2.579460000000000000e+05
2.579640000000000000e+05
2.579810000000000000e+05
2.579970000000000000e+05
2.580150000000000000e+05
2.580310000000000000e+05
2.580690000000000000e+05
2.580810000000000000e+05
2.581150000000000000e+05
2.581340000000000000e+05
2.581650000000000000e+05
2.581790000000000000e+05
2.581970000000000000e+05
2.582150000000000000e+05
2.582320000000000000e+05
2.582480000000000000e+05
2.582810000000000000e+05
2.582990000000000000e+05
2.583160000000000000e+05
2.583480000000000000e+05
2.583970000000000000e+05
2.584170000000000000e+05
2.584320000000000000e+05
2.584660000000000000e+05
2.584840000000000000e+05
2.584970000000000000e+05
2.585140000000000000e+05
2.585470000000000000e+05
2.585670000000000000e+05
2.585840000000000000e+05
2.586010000000000000e+05
2.586160000000000000e+05
2.586490000000000000e+05
2.586670000000000000e+05
2.586840000000000000e+05
2.586990000000000000e+05
2.587340000000000000e+05
2.587530000000000000e+05
2.587690000000000000e+05
2.587870000000000000e+05
2.588070000000000000e+05
2.588200000000000000e+05
2.588540000000000000e+05
2.588690000000000000e+05
2.588870000000000000e+05
2.589180000000000000e+05
2.589540000000000000e+05
2.589690000000000000e+05
2.589870000000000000e+05
2.590020000000000000e+05
2.590190000000000000e+05
2.590540000000000000e+05
2.590690000000000000e+05
2.590870000000000000e+05
2.591030000000000000e+05
2.591220000000000000e+05
2.591370000000000000e+05
2.591530000000000000e+05
2.591720000000000000e+05
2.592220000000000000e+05
2.592320000000000000e+05
2.592480000000000000e+05
2.592720000000000000e+05
2.593060000000000000e+05
2.593220000000000000e+05
2.593410000000000000e+05
2.593720000000000000e+05
2.593810000000000000e+05
2.594150000000000000e+05
2.594400000000000000e+05
2.594510000000000000e+05
2.594800000000000000e+05
2.594970000000000000e+05
2.595120000000000000e+05
2.595490000000000000e+05
2.595610000000000000e+05
2.595810000000000000e+05
2.595960000000000000e+05
2.596310000000000000e+05
2.596470000000000000e+05
2.596660000000000000e+05
2.596790000000000000e+05
2.597140000000000000e+05
2.597320000000000000e+05
2.597480000000000000e+05
2.597650000000000000e+05
2.597810000000000000e+05
2.597960000000000000e+05
2.598640000000000000e+05
2.598840000000000000e+05
2.598960000000000000e+05
2.599290000000000000e+05
2.599470000000000000e+05
2.599700000000000000e+05
2.599980000000000000e+05
2.600120000000000000e+05
2.600310000000000000e+05
2.600680000000000000e+05
2.600790000000000000e+05
2.600970000000000000e+05
2.601120000000000000e+05
2.601290000000000000e+05
2.601620000000000000e+05
2.601790000000000000e+05
2.602000000000000000e+05
2.602140000000000000e+05
2.602460000000000000e+05
2.602680000000000000e+05
2.602780000000000000e+05
2.602990000000000000e+05
2.603290000000000000e+05
2.603470000000000000e+05
2.603800000000000000e+05
2.603980000000000000e+05
2.604160000000000000e+05
2.604330000000000000e+05
2.604640000000000000e+05
2.604810000000000000e+05
2.604990000000000000e+05
2.605150000000000000e+05
2.605310000000000000e+05
2.605660000000000000e+05
2.605810000000000000e+05
2.606160000000000000e+05
2.606360000000000000e+05
2.606500000000000000e+05
2.606820000000000000e+05
2.606990000000000000e+05
2.607160000000000000e+05
2.607500000000000000e+05
2.607670000000000000e+05
2.607840000000000000e+05
2.608000000000000000e+05
2.608350000000000000e+05
2.608520000000000000e+05
2.608680000000000000e+05
2.609000000000000000e+05
2.609160000000000000e+05
2.609340000000000000e+05
2.609680000000000000e+05
2.609850000000000000e+05
2.610000000000000000e+05
2.610360000000000000e+05
2.610520000000000000e+05
2.610700000000000000e+05
2.610850000000000000e+05
2.611190000000000000e+05
2.611360000000000000e+05
2.611860000000000000e+05
2.612060000000000000e+05
2.612200000000000000e+05
2.612580000000000000e+05
2.612730000000000000e+05
2.612880000000000000e+05
2.613080000000000000e+05
2.613380000000000000e+05
2.613530000000000000e+05
2.613800000000000000e+05
2.613970000000000000e+05
2.614130000000000000e+05
2.614300000000000000e+05
2.614460000000000000e+05
2.614630000000000000e+05
2.614970000000000000e+05
2.615150000000000000e+05
2.615470000000000000e+05
2.615610000000000000e+05
2.615810000000000000e+05
2.615970000000000000e+05
2.616130000000000000e+05
2.616280000000000000e+05
2.616460000000000000e+05
2.616970000000000000e+05
2.617160000000000000e+05
2.617810000000000000e+05
2.618130000000000000e+05
2.618300000000000000e+05
2.618550000000000000e+05
2.618720000000000000e+05
2.618860000000000000e+05
2.619130000000000000e+05
2.619410000000000000e+05
2.619540000000000000e+05
2.619800000000000000e+05
2.619950000000000000e+05
2.620130000000000000e+05
2.620630000000000000e+05
2.621120000000000000e+05
2.621280000000000000e+05
2.621640000000000000e+05
2.621990000000000000e+05
2.622130000000000000e+05
2.622280000000000000e+05
2.622470000000000000e+05
2.622620000000000000e+05
2.622950000000000000e+05
2.623130000000000000e+05
2.623300000000000000e+05
2.623630000000000000e+05
2.623810000000000000e+05
2.623970000000000000e+05
2.624320000000000000e+05
2.624470000000000000e+05
2.624630000000000000e+05
2.624980000000000000e+05
2.625140000000000000e+05
2.625300000000000000e+05
2.625460000000000000e+05
2.625630000000000000e+05
2.625980000000000000e+05
2.626210000000000000e+05
2.626480000000000000e+05
2.626640000000000000e+05
2.626830000000000000e+05
2.627160000000000000e+05
2.627320000000000000e+05
2.627500000000000000e+05
2.627650000000000000e+05
2.628000000000000000e+05
2.628160000000000000e+05
2.628340000000000000e+05
2.628660000000000000e+05
2.628830000000000000e+05
2.629170000000000000e+05
2.629340000000000000e+05
2.629510000000000000e+05
2.629680000000000000e+05
2.630000000000000000e+05
2.630190000000000000e+05
2.630350000000000000e+05
2.630520000000000000e+05
2.630840000000000000e+05
2.631010000000000000e+05
2.631180000000000000e+05
2.631530000000000000e+05
2.631680000000000000e+05
2.631850000000000000e+05
2.632180000000000000e+05
2.632380000000000000e+05
2.632530000000000000e+05
2.632880000000000000e+05
2.633020000000000000e+05
2.633210000000000000e+05
2.634120000000000000e+05
2.634280000000000000e+05
2.634440000000000000e+05
2.634620000000000000e+05
2.634770000000000000e+05
2.635120000000000000e+05
2.635270000000000000e+05
2.635610000000000000e+05
2.635790000000000000e+05
2.635960000000000000e+05
2.636120000000000000e+05
2.636290000000000000e+05
2.636460000000000000e+05
2.636600000000000000e+05
2.636780000000000000e+05
2.636980000000000000e+05
2.637130000000000000e+05
2.637290000000000000e+05
2.637460000000000000e+05
2.637620000000000000e+05
2.637770000000000000e+05
2.637940000000000000e+05
2.638100000000000000e+05
2.638270000000000000e+05
2.638460000000000000e+05
2.638610000000000000e+05
2.638780000000000000e+05
2.639630000000000000e+05
2.639770000000000000e+05
2.639950000000000000e+05
2.640100000000000000e+05
2.640470000000000000e+05
2.640610000000000000e+05
2.640790000000000000e+05
2.640940000000000000e+05
2.641130000000000000e+05
2.641270000000000000e+05
2.641450000000000000e+05
2.641630000000000000e+05
2.641940000000000000e+05
2.642110000000000000e+05
2.642280000000000000e+05
2.642450000000000000e+05
2.642770000000000000e+05
2.642960000000000000e+05
2.643130000000000000e+05
2.643270000000000000e+05
2.643450000000000000e+05
2.643770000000000000e+05
2.643970000000000000e+05
2.644160000000000000e+05
2.644460000000000000e+05
2.644620000000000000e+05
2.644810000000000000e+05
2.645120000000000000e+05
2.645310000000000000e+05
2.645460000000000000e+05
2.645820000000000000e+05
2.645990000000000000e+05
2.646150000000000000e+05
2.646320000000000000e+05
2.646640000000000000e+05
2.646820000000000000e+05
2.647170000000000000e+05
2.647300000000000000e+05
2.647480000000000000e+05
2.647640000000000000e+05
2.648000000000000000e+05
2.648140000000000000e+05
2.648320000000000000e+05
2.648500000000000000e+05
2.648870000000000000e+05
2.648970000000000000e+05
2.649240000000000000e+05
2.649490000000000000e+05
2.649660000000000000e+05
