4.881180000000000000e+05
4.881310000000000000e+05
4.881470000000000000e+05
4.881640000000000000e+05
4.882010000000000000e+05
4.890740000000000000e+05
4.891100000000000000e+05
4.891260000000000000e+05
4.891810000000000000e+05
4.892010000000000000e+05
4.892130000000000000e+05
4.892230000000000000e+05
4.892400000000000000e+05
4.892550000000000000e+05
4.892760000000000000e+05
4.892930000000000000e+05
4.893080000000000000e+05
4.893240000000000000e+05
4.893390000000000000e+05
4.893560000000000000e+05
4.893760000000000000e+05
4.893920000000000000e+05
4.894070000000000000e+05
4.894230000000000000e+05
4.894420000000000000e+05
4.894580000000000000e+05
4.894740000000000000e+05
4.894930000000000000e+05
4.895110000000000000e+05
4.895320000000000000e+05
4.895470000000000000e+05
4.895800000000000000e+05
4.895930000000000000e+05
4.896100000000000000e+05
4.896260000000000000e+05
4.896420000000000000e+05
4.896750000000000000e+05
4.896940000000000000e+05
4.897100000000000000e+05
4.897270000000000000e+05
4.897460000000000000e+05
4.897600000000000000e+05
4.897930000000000000e+05
4.898110000000000000e+05
4.898280000000000000e+05
4.898660000000000000e+05
4.898790000000000000e+05
4.898970000000000000e+05
4.899120000000000000e+05
4.899280000000000000e+05
4.899450000000000000e+05
4.899830000000000000e+05
4.899990000000000000e+05
4.900130000000000000e+05
4.900290000000000000e+05
4.900680000000000000e+05
4.900780000000000000e+05
4.900960000000000000e+05
4.901150000000000000e+05
4.901290000000000000e+05
4.901480000000000000e+05
4.901620000000000000e+05
4.902330000000000000e+05
4.902830000000000000e+05
4.902980000000000000e+05
4.903160000000000000e+05
4.903300000000000000e+05
4.903500000000000000e+05
4.907240000000000000e+05
4.907390000000000000e+05
4.907550000000000000e+05
4.907930000000000000e+05
4.908090000000000000e+05
4.908210000000000000e+05
4.908410000000000000e+05
4.908560000000000000e+05
4.908720000000000000e+05
4.908900000000000000e+05
4.909070000000000000e+05
4.909280000000000000e+05
4.909440000000000000e+05
4.909610000000000000e+05
4.909720000000000000e+05
4.909900000000000000e+05
4.910080000000000000e+05
4.910250000000000000e+05
4.910570000000000000e+05
4.910710000000000000e+05
4.910910000000000000e+05
4.911220000000000000e+05
4.911380000000000000e+05
4.911550000000000000e+05
4.911720000000000000e+05
4.911900000000000000e+05
4.912080000000000000e+05
4.912210000000000000e+05
4.912420000000000000e+05
4.912570000000000000e+05
4.912800000000000000e+05
4.912920000000000000e+05
4.913220000000000000e+05
4.913720000000000000e+05
4.913920000000000000e+05
4.914050000000000000e+05
4.914230000000000000e+05
4.914420000000000000e+05
4.914590000000000000e+05
4.914730000000000000e+05
4.914890000000000000e+05
4.915070000000000000e+05
4.915240000000000000e+05
4.915740000000000000e+05
4.915940000000000000e+05
4.916090000000000000e+05
4.916240000000000000e+05
4.916420000000000000e+05
4.916580000000000000e+05
4.916750000000000000e+05
4.916930000000000000e+05
4.917100000000000000e+05
4.921410000000000000e+05
4.921550000000000000e+05
4.922510000000000000e+05
4.922640000000000000e+05
4.924130000000000000e+05
4.924280000000000000e+05
4.924480000000000000e+05
4.924670000000000000e+05
4.924840000000000000e+05
4.925040000000000000e+05
4.925230000000000000e+05
4.925370000000000000e+05
4.925560000000000000e+05
4.925910000000000000e+05
4.926040000000000000e+05
4.926210000000000000e+05
4.926390000000000000e+05
4.926560000000000000e+05
4.926930000000000000e+05
4.927140000000000000e+05
4.927410000000000000e+05
4.927540000000000000e+05
4.927700000000000000e+05
4.928060000000000000e+05
4.928230000000000000e+05
4.928420000000000000e+05
4.928730000000000000e+05
4.929370000000000000e+05
4.929570000000000000e+05
4.929740000000000000e+05
4.929930000000000000e+05
4.930110000000000000e+05
4.930320000000000000e+05
4.930480000000000000e+05
4.930890000000000000e+05
4.931050000000000000e+05
4.931430000000000000e+05
4.931550000000000000e+05
4.931720000000000000e+05
4.931880000000000000e+05
4.932070000000000000e+05
4.932230000000000000e+05
4.932390000000000000e+05
4.932550000000000000e+05
4.936120000000000000e+05
4.936380000000000000e+05
4.941650000000000000e+05
4.942570000000000000e+05
4.942690000000000000e+05
4.942830000000000000e+05
4.942950000000000000e+05
4.943300000000000000e+05
4.943460000000000000e+05
4.943640000000000000e+05
4.943780000000000000e+05
4.944050000000000000e+05
4.944220000000000000e+05
4.944370000000000000e+05
4.944550000000000000e+05
4.944890000000000000e+05
4.945030000000000000e+05
4.945210000000000000e+05
4.945550000000000000e+05
4.945700000000000000e+05
4.946040000000000000e+05
4.946210000000000000e+05
4.946380000000000000e+05
4.946550000000000000e+05
4.946720000000000000e+05
4.946880000000000000e+05
4.947030000000000000e+05
4.947230000000000000e+05
4.947470000000000000e+05
4.947610000000000000e+05
4.947900000000000000e+05
4.948250000000000000e+05
4.948380000000000000e+05
4.948550000000000000e+05
4.948720000000000000e+05
4.949060000000000000e+05
4.949240000000000000e+05
4.949380000000000000e+05
4.949550000000000000e+05
4.949720000000000000e+05
4.949900000000000000e+05
4.950210000000000000e+05
4.950390000000000000e+05
4.950720000000000000e+05
4.950880000000000000e+05
4.951050000000000000e+05
4.951390000000000000e+05
4.951600000000000000e+05
4.951720000000000000e+05
4.951880000000000000e+05
4.952050000000000000e+05
4.953040000000000000e+05
4.953210000000000000e+05
4.953370000000000000e+05
4.953560000000000000e+05
4.953720000000000000e+05
4.953920000000000000e+05
4.954050000000000000e+05
4.954240000000000000e+05
4.954370000000000000e+05
4.954580000000000000e+05
4.954720000000000000e+05
4.954920000000000000e+05
4.955060000000000000e+05
4.955390000000000000e+05
4.955540000000000000e+05
4.955730000000000000e+05
4.955910000000000000e+05
4.956280000000000000e+05
4.956410000000000000e+05
4.956560000000000000e+05
4.956740000000000000e+05
4.957070000000000000e+05
4.967360000000000000e+05
4.967590000000000000e+05
4.967720000000000000e+05
4.967850000000000000e+05
4.968220000000000000e+05
4.968370000000000000e+05
4.968610000000000000e+05
4.968870000000000000e+05
4.969040000000000000e+05
4.969200000000000000e+05
4.969420000000000000e+05
4.969710000000000000e+05
4.969890000000000000e+05
4.970020000000000000e+05
4.970200000000000000e+05
4.970360000000000000e+05
4.970550000000000000e+05
4.970880000000000000e+05
4.971110000000000000e+05
4.971390000000000000e+05
4.971720000000000000e+05
4.971880000000000000e+05
4.972040000000000000e+05
4.972200000000000000e+05
4.972380000000000000e+05
4.972530000000000000e+05
4.972700000000000000e+05
4.972880000000000000e+05
4.973210000000000000e+05
4.973380000000000000e+05
4.973540000000000000e+05
4.973690000000000000e+05
4.973880000000000000e+05
4.974050000000000000e+05
4.974200000000000000e+05
4.974390000000000000e+05
4.974540000000000000e+05
4.974720000000000000e+05
4.974860000000000000e+05
4.975040000000000000e+05
4.975390000000000000e+05
4.975570000000000000e+05
4.975720000000000000e+05
4.975880000000000000e+05
4.976240000000000000e+05
4.976400000000000000e+05
4.976550000000000000e+05
4.977190000000000000e+05
4.977280000000000000e+05
4.978150000000000000e+05
4.978400000000000000e+05
4.978580000000000000e+05
4.978830000000000000e+05
4.979090000000000000e+05
4.980040000000000000e+05
4.981550000000000000e+05
4.981880000000000000e+05
4.982040000000000000e+05
4.982450000000000000e+05
4.982600000000000000e+05
4.982800000000000000e+05
4.982940000000000000e+05
4.983120000000000000e+05
4.983290000000000000e+05
4.983470000000000000e+05
4.983790000000000000e+05
4.984000000000000000e+05
4.984080000000000000e+05
4.984340000000000000e+05
4.984520000000000000e+05
4.984690000000000000e+05
4.984870000000000000e+05
4.985390000000000000e+05
4.985550000000000000e+05
4.985700000000000000e+05
4.986190000000000000e+05
4.986870000000000000e+05
4.987080000000000000e+05
4.987690000000000000e+05
4.987850000000000000e+05
4.988020000000000000e+05
4.988210000000000000e+05
4.988360000000000000e+05
4.988530000000000000e+05
4.988700000000000000e+05
4.989020000000000000e+05
4.989190000000000000e+05
4.989850000000000000e+05
4.990010000000000000e+05
4.990220000000000000e+05
4.990550000000000000e+05
4.991020000000000000e+05
4.991190000000000000e+05
4.991370000000000000e+05
4.991550000000000000e+05
4.991870000000000000e+05
4.992010000000000000e+05
4.992180000000000000e+05
4.992380000000000000e+05
4.992690000000000000e+05
4.992920000000000000e+05
4.993050000000000000e+05
4.994130000000000000e+05
4.998010000000000000e+05
4.998260000000000000e+05
4.998410000000000000e+05
4.998570000000000000e+05
4.998740000000000000e+05
4.998880000000000000e+05
4.999060000000000000e+05
4.999250000000000000e+05
5.001390000000000000e+05
5.006170000000000000e+05
5.006360000000000000e+05
5.006520000000000000e+05
5.006670000000000000e+05
5.006870000000000000e+05
5.007240000000000000e+05
5.007360000000000000e+05
5.007530000000000000e+05
5.007680000000000000e+05
5.008030000000000000e+05
5.008370000000000000e+05
5.008690000000000000e+05
5.008860000000000000e+05
5.009030000000000000e+05
5.009180000000000000e+05
5.009360000000000000e+05
5.009520000000000000e+05
5.009690000000000000e+05
5.009860000000000000e+05
5.010020000000000000e+05
5.010180000000000000e+05
5.010370000000000000e+05
5.010530000000000000e+05
5.010850000000000000e+05
5.011030000000000000e+05
5.011200000000000000e+05
5.011370000000000000e+05
5.011540000000000000e+05
5.011670000000000000e+05
5.011860000000000000e+05
5.012180000000000000e+05
5.012360000000000000e+05
5.012690000000000000e+05
5.012870000000000000e+05
5.013020000000000000e+05
5.013190000000000000e+05
5.013360000000000000e+05
5.013520000000000000e+05
5.013690000000000000e+05
5.013890000000000000e+05
5.014180000000000000e+05
5.014380000000000000e+05
5.014530000000000000e+05
5.014680000000000000e+05
5.014870000000000000e+05
5.015030000000000000e+05
5.015210000000000000e+05
5.015360000000000000e+05
5.015540000000000000e+05
5.015710000000000000e+05
5.016060000000000000e+05
5.016200000000000000e+05
5.016360000000000000e+05
5.022510000000000000e+05
5.025670000000000000e+05
5.026690000000000000e+05
5.026850000000000000e+05
5.027100000000000000e+05
5.027360000000000000e+05
5.027520000000000000e+05
5.027670000000000000e+05
5.027840000000000000e+05
5.028030000000000000e+05
5.028180000000000000e+05
5.028360000000000000e+05
5.028530000000000000e+05
5.028660000000000000e+05
5.028840000000000000e+05
5.029010000000000000e+05
5.029190000000000000e+05
5.029350000000000000e+05
5.029510000000000000e+05
5.029710000000000000e+05
5.030020000000000000e+05
5.030180000000000000e+05
5.030360000000000000e+05
5.030510000000000000e+05
5.030680000000000000e+05
5.030840000000000000e+05
5.031000000000000000e+05
5.031180000000000000e+05
5.031350000000000000e+05
5.031700000000000000e+05
5.031850000000000000e+05
5.031990000000000000e+05
5.032350000000000000e+05
5.032660000000000000e+05
5.033020000000000000e+05
5.033160000000000000e+05
5.033350000000000000e+05
5.033680000000000000e+05
5.033850000000000000e+05
5.034040000000000000e+05
5.034340000000000000e+05
5.034690000000000000e+05
5.034920000000000000e+05
5.035150000000000000e+05
5.035310000000000000e+05
5.035560000000000000e+05
5.035690000000000000e+05
5.035860000000000000e+05
5.036200000000000000e+05
5.036370000000000000e+05
5.036530000000000000e+05
5.036880000000000000e+05
5.038380000000000000e+05
5.038540000000000000e+05
5.038720000000000000e+05
5.038870000000000000e+05
5.039040000000000000e+05
5.039230000000000000e+05
5.039400000000000000e+05
5.040860000000000000e+05
5.041160000000000000e+05
5.041330000000000000e+05
5.041530000000000000e+05
5.041650000000000000e+05
5.041920000000000000e+05
5.042040000000000000e+05
5.042270000000000000e+05
5.042400000000000000e+05
5.042600000000000000e+05
5.042780000000000000e+05
5.042920000000000000e+05
5.043100000000000000e+05
5.043250000000000000e+05
5.043400000000000000e+05
5.043610000000000000e+05
5.043770000000000000e+05
5.043930000000000000e+05
5.044100000000000000e+05
5.044260000000000000e+05
5.044530000000000000e+05
5.044680000000000000e+05
5.044850000000000000e+05
5.045180000000000000e+05
5.045330000000000000e+05
5.045490000000000000e+05
5.045830000000000000e+05
5.045990000000000000e+05
5.046160000000000000e+05
5.046380000000000000e+05
5.046490000000000000e+05
5.046840000000000000e+05
5.047010000000000000e+05
5.047160000000000000e+05
5.047510000000000000e+05
5.047680000000000000e+05
5.047840000000000000e+05
5.048000000000000000e+05
5.048150000000000000e+05
5.048330000000000000e+05
5.048510000000000000e+05
5.048690000000000000e+05
5.048900000000000000e+05
5.049010000000000000e+05
5.049180000000000000e+05
5.049340000000000000e+05
5.049550000000000000e+05
5.049720000000000000e+05
5.049840000000000000e+05
5.050000000000000000e+05
5.050180000000000000e+05
5.050370000000000000e+05
5.050510000000000000e+05
5.050670000000000000e+05
5.050820000000000000e+05
5.050990000000000000e+05
5.051190000000000000e+05
5.056340000000000000e+05
5.056510000000000000e+05
5.056680000000000000e+05
5.058380000000000000e+05
5.058490000000000000e+05
5.058710000000000000e+05
5.058870000000000000e+05
5.059050000000000000e+05
5.059200000000000000e+05
5.059420000000000000e+05
5.059530000000000000e+05
5.061320000000000000e+05
5.061670000000000000e+05
5.061830000000000000e+05
5.061990000000000000e+05
5.062150000000000000e+05
5.062360000000000000e+05
5.062570000000000000e+05
5.062800000000000000e+05
5.063060000000000000e+05
5.063260000000000000e+05
5.063440000000000000e+05
5.063580000000000000e+05
5.063740000000000000e+05
5.063920000000000000e+05
5.064070000000000000e+05
5.064260000000000000e+05
5.064590000000000000e+05
5.065160000000000000e+05
5.065330000000000000e+05
5.065490000000000000e+05
5.066020000000000000e+05
5.066340000000000000e+05
5.066470000000000000e+05
5.066650000000000000e+05
5.066820000000000000e+05
5.067000000000000000e+05
5.067310000000000000e+05
5.067480000000000000e+05
5.067670000000000000e+05
5.068000000000000000e+05
5.068180000000000000e+05
5.068320000000000000e+05
5.068480000000000000e+05
5.068660000000000000e+05
5.068860000000000000e+05
5.068990000000000000e+05
5.069150000000000000e+05
5.069480000000000000e+05
5.069660000000000000e+05
5.070180000000000000e+05
5.070330000000000000e+05
5.070510000000000000e+05
5.070650000000000000e+05
5.070820000000000000e+05
5.070990000000000000e+05
5.071170000000000000e+05
5.071330000000000000e+05
5.078370000000000000e+05
5.078490000000000000e+05
5.078680000000000000e+05
5.078850000000000000e+05
5.079030000000000000e+05
5.079210000000000000e+05
5.079370000000000000e+05
5.079540000000000000e+05
5.079710000000000000e+05
5.081330000000000000e+05
5.081510000000000000e+05
5.081690000000000000e+05
5.081990000000000000e+05
5.082270000000000000e+05
5.082400000000000000e+05
5.082570000000000000e+05
5.082740000000000000e+05
5.082950000000000000e+05
5.083070000000000000e+05
5.083220000000000000e+05
5.083410000000000000e+05
5.083590000000000000e+05
5.083790000000000000e+05
5.083910000000000000e+05
5.084060000000000000e+05
5.084250000000000000e+05
5.084470000000000000e+05
5.084640000000000000e+05
5.084840000000000000e+05
5.084990000000000000e+05
5.085160000000000000e+05
5.085490000000000000e+05
5.085640000000000000e+05
5.085810000000000000e+05
5.085990000000000000e+05
5.086330000000000000e+05
5.086490000000000000e+05
5.086820000000000000e+05
5.086970000000000000e+05
5.087150000000000000e+05
5.087310000000000000e+05
5.087470000000000000e+05
5.087650000000000000e+05
5.087870000000000000e+05
5.087990000000000000e+05
5.088190000000000000e+05
5.088490000000000000e+05
5.088670000000000000e+05
5.088830000000000000e+05
5.088980000000000000e+05
5.089140000000000000e+05
5.089330000000000000e+05
5.089640000000000000e+05
5.089820000000000000e+05
5.089990000000000000e+05
5.090170000000000000e+05
5.090320000000000000e+05
5.090470000000000000e+05
5.090660000000000000e+05
5.090820000000000000e+05
5.091160000000000000e+05
5.091320000000000000e+05
5.091490000000000000e+05
5.091630000000000000e+05
5.096360000000000000e+05
5.096660000000000000e+05
5.098560000000000000e+05
5.098690000000000000e+05
5.098860000000000000e+05
5.099050000000000000e+05
5.099200000000000000e+05
5.099370000000000000e+05
5.099550000000000000e+05
5.099700000000000000e+05
5.099880000000000000e+05
5.102160000000000000e+05
5.106980000000000000e+05
5.107290000000000000e+05
5.107980000000000000e+05
5.108140000000000000e+05
5.108300000000000000e+05
5.108460000000000000e+05
5.108650000000000000e+05
5.108850000000000000e+05
5.108980000000000000e+05
5.109150000000000000e+05
5.109300000000000000e+05
5.109470000000000000e+05
5.109630000000000000e+05
5.109820000000000000e+05
5.109960000000000000e+05
5.110350000000000000e+05
5.110480000000000000e+05
5.110650000000000000e+05
5.110810000000000000e+05
5.111000000000000000e+05
5.111180000000000000e+05
5.111300000000000000e+05
5.111480000000000000e+05
5.111630000000000000e+05
5.111810000000000000e+05
5.111970000000000000e+05
5.112160000000000000e+05
5.112310000000000000e+05
5.112490000000000000e+05
5.112670000000000000e+05
5.112980000000000000e+05
5.113150000000000000e+05
5.113310000000000000e+05
5.113470000000000000e+05
5.113790000000000000e+05
5.113960000000000000e+05
5.114150000000000000e+05
5.114310000000000000e+05
5.114460000000000000e+05
5.114640000000000000e+05
5.114820000000000000e+05
5.114980000000000000e+05
5.115180000000000000e+05
5.115330000000000000e+05
5.115670000000000000e+05
5.115820000000000000e+05
5.115980000000000000e+05
5.116160000000000000e+05
5.116340000000000000e+05
5.116490000000000000e+05
5.116650000000000000e+05
5.116860000000000000e+05
5.117040000000000000e+05
5.117350000000000000e+05
5.118710000000000000e+05
5.118820000000000000e+05
5.119120000000000000e+05
5.119240000000000000e+05
5.119370000000000000e+05
5.119690000000000000e+05
5.119850000000000000e+05
5.120010000000000000e+05
5.121530000000000000e+05
5.122160000000000000e+05
5.122310000000000000e+05
5.122430000000000000e+05
5.122620000000000000e+05
5.122820000000000000e+05
5.123100000000000000e+05
5.123240000000000000e+05
5.123400000000000000e+05
5.123540000000000000e+05
5.123730000000000000e+05
5.123870000000000000e+05
5.124050000000000000e+05
5.124230000000000000e+05
5.124400000000000000e+05
5.124800000000000000e+05
5.124900000000000000e+05
5.125040000000000000e+05
5.125310000000000000e+05
5.125490000000000000e+05
5.125650000000000000e+05
5.125820000000000000e+05
5.126120000000000000e+05
5.126290000000000000e+05
5.126480000000000000e+05
5.126790000000000000e+05
5.127150000000000000e+05
5.127620000000000000e+05
5.127830000000000000e+05
5.127980000000000000e+05
5.128320000000000000e+05
5.128490000000000000e+05
5.128640000000000000e+05
5.128800000000000000e+05
5.128980000000000000e+05
5.129140000000000000e+05
5.129290000000000000e+05
5.129480000000000000e+05
5.129640000000000000e+05
5.129810000000000000e+05
5.130000000000000000e+05
5.130130000000000000e+05
5.130380000000000000e+05
5.130980000000000000e+05
5.131150000000000000e+05
5.131330000000000000e+05
5.131450000000000000e+05
5.131800000000000000e+05
5.131990000000000000e+05
5.132140000000000000e+05
5.136300000000000000e+05
5.136980000000000000e+05
5.138970000000000000e+05
5.139230000000000000e+05
5.139430000000000000e+05
5.139690000000000000e+05
5.139850000000000000e+05
5.140010000000000000e+05
5.140180000000000000e+05
5.141800000000000000e+05
5.142350000000000000e+05
5.142640000000000000e+05
5.146300000000000000e+05
5.146630000000000000e+05
5.146960000000000000e+05
5.147110000000000000e+05
5.147320000000000000e+05
5.147470000000000000e+05
5.147790000000000000e+05
5.147910000000000000e+05
5.148110000000000000e+05
5.148290000000000000e+05
5.148470000000000000e+05
5.148610000000000000e+05
5.148800000000000000e+05
5.149040000000000000e+05
5.149150000000000000e+05
5.149350000000000000e+05
5.149630000000000000e+05
5.149790000000000000e+05
5.149970000000000000e+05
5.150130000000000000e+05
5.150290000000000000e+05
5.150450000000000000e+05
5.150610000000000000e+05
5.150790000000000000e+05
5.150960000000000000e+05
5.151130000000000000e+05
5.151290000000000000e+05
5.151450000000000000e+05
5.151800000000000000e+05
5.151970000000000000e+05
5.152110000000000000e+05
5.152330000000000000e+05
5.152440000000000000e+05
5.152620000000000000e+05
5.152770000000000000e+05
5.152940000000000000e+05
5.153130000000000000e+05
5.153450000000000000e+05
5.153630000000000000e+05
5.153800000000000000e+05
5.153940000000000000e+05
5.154130000000000000e+05
5.154280000000000000e+05
5.154450000000000000e+05
5.154630000000000000e+05
5.154780000000000000e+05
5.154970000000000000e+05
5.155130000000000000e+05
5.155300000000000000e+05
5.155500000000000000e+05
5.155990000000000000e+05
5.156130000000000000e+05
5.156290000000000000e+05
5.156490000000000000e+05
5.156660000000000000e+05
5.156810000000000000e+05
5.156960000000000000e+05
5.157160000000000000e+05
5.157480000000000000e+05
5.158480000000000000e+05
5.159110000000000000e+05
5.159340000000000000e+05
5.159510000000000000e+05
5.159680000000000000e+05
5.159840000000000000e+05
5.160000000000000000e+05
5.160210000000000000e+05
5.160330000000000000e+05
5.161820000000000000e+05
5.161950000000000000e+05
5.162140000000000000e+05
5.162270000000000000e+05
5.162450000000000000e+05
5.162700000000000000e+05
5.162870000000000000e+05
5.163030000000000000e+05
5.163190000000000000e+05
5.163350000000000000e+05
5.163550000000000000e+05
5.163700000000000000e+05
5.164050000000000000e+05
5.164210000000000000e+05
5.164370000000000000e+05
5.164920000000000000e+05
5.165170000000000000e+05
5.165290000000000000e+05
5.165450000000000000e+05
5.165790000000000000e+05
5.165950000000000000e+05
5.166100000000000000e+05
5.166280000000000000e+05
5.166440000000000000e+05
5.166790000000000000e+05
5.166970000000000000e+05
5.167120000000000000e+05
5.167290000000000000e+05
5.167470000000000000e+05
5.167610000000000000e+05
5.167960000000000000e+05
5.168150000000000000e+05
5.168480000000000000e+05
5.168600000000000000e+05
5.168780000000000000e+05
5.168940000000000000e+05
5.169110000000000000e+05
5.169390000000000000e+05
5.169630000000000000e+05
5.169800000000000000e+05
5.170100000000000000e+05
5.170280000000000000e+05
5.170530000000000000e+05
5.170790000000000000e+05
5.170950000000000000e+05
5.171120000000000000e+05
5.171290000000000000e+05
5.171480000000000000e+05
5.171620000000000000e+05
5.171770000000000000e+05
5.172120000000000000e+05
5.172430000000000000e+05
5.176440000000000000e+05
5.177260000000000000e+05
5.177370000000000000e+05
5.179450000000000000e+05
5.179580000000000000e+05
5.179840000000000000e+05
5.180000000000000000e+05
5.180200000000000000e+05
5.180310000000000000e+05
5.180500000000000000e+05
5.187450000000000000e+05
5.187790000000000000e+05
5.188000000000000000e+05
5.188120000000000000e+05
5.188440000000000000e+05
5.188620000000000000e+05
5.188850000000000000e+05
5.188970000000000000e+05
5.189120000000000000e+05
5.189430000000000000e+05
5.189610000000000000e+05
5.189960000000000000e+05
5.190090000000000000e+05
5.190270000000000000e+05
5.190440000000000000e+05
5.190590000000000000e+05
5.190760000000000000e+05
5.190940000000000000e+05
5.191130000000000000e+05
5.191280000000000000e+05
5.191450000000000000e+05
5.191610000000000000e+05
5.191800000000000000e+05
5.191970000000000000e+05
5.192120000000000000e+05
5.192280000000000000e+05
5.192460000000000000e+05
5.192620000000000000e+05
5.192770000000000000e+05
5.192980000000000000e+05
5.193120000000000000e+05
5.193280000000000000e+05
5.193600000000000000e+05
5.194140000000000000e+05
5.194280000000000000e+05
5.194440000000000000e+05
5.194620000000000000e+05
5.194770000000000000e+05
5.194930000000000000e+05
5.195120000000000000e+05
5.195290000000000000e+05
5.195450000000000000e+05
5.195620000000000000e+05
5.195800000000000000e+05
5.195940000000000000e+05
5.196120000000000000e+05
5.196290000000000000e+05
5.196470000000000000e+05
5.196710000000000000e+05
5.196970000000000000e+05
5.197140000000000000e+05
5.197330000000000000e+05
5.197810000000000000e+05
5.197960000000000000e+05
5.200490000000000000e+05
5.200670000000000000e+05
5.201640000000000000e+05
5.202100000000000000e+05
5.202440000000000000e+05
5.202600000000000000e+05
5.202770000000000000e+05
5.202930000000000000e+05
5.203100000000000000e+05
5.203420000000000000e+05
5.203600000000000000e+05
5.203780000000000000e+05
5.203970000000000000e+05
5.204200000000000000e+05
5.204360000000000000e+05
5.204680000000000000e+05
5.204850000000000000e+05
5.205020000000000000e+05
5.205140000000000000e+05
5.205270000000000000e+05
5.205480000000000000e+05
5.205770000000000000e+05
5.205930000000000000e+05
5.206450000000000000e+05
5.206610000000000000e+05
5.206930000000000000e+05
5.207110000000000000e+05
5.207430000000000000e+05
5.207720000000000000e+05
5.208030000000000000e+05
5.208150000000000000e+05
5.208420000000000000e+05
5.208580000000000000e+05
5.208760000000000000e+05
5.208930000000000000e+05
5.209100000000000000e+05
5.209450000000000000e+05
5.209590000000000000e+05
5.209810000000000000e+05
5.209990000000000000e+05
5.210170000000000000e+05
5.210340000000000000e+05
5.210510000000000000e+05
5.210750000000000000e+05
5.210870000000000000e+05
5.211270000000000000e+05
5.211430000000000000e+05
5.211620000000000000e+05
5.211770000000000000e+05
5.211940000000000000e+05
5.212080000000000000e+05
5.212270000000000000e+05
5.212410000000000000e+05
5.212610000000000000e+05
5.217080000000000000e+05
5.219580000000000000e+05
5.219780000000000000e+05
5.219880000000000000e+05
5.220140000000000000e+05
5.220310000000000000e+05
5.220480000000000000e+05
5.220630000000000000e+05
5.220830000000000000e+05
5.222010000000000000e+05
5.222600000000000000e+05
5.222770000000000000e+05
5.223000000000000000e+05
5.223160000000000000e+05
5.223330000000000000e+05
5.223510000000000000e+05
5.223700000000000000e+05
5.223840000000000000e+05
5.224040000000000000e+05
5.224150000000000000e+05
5.224260000000000000e+05
5.224510000000000000e+05
5.224700000000000000e+05
5.224860000000000000e+05
5.225180000000000000e+05
5.225290000000000000e+05
5.225420000000000000e+05
5.225760000000000000e+05
5.225930000000000000e+05
5.226100000000000000e+05
5.226260000000000000e+05
5.226610000000000000e+05
5.226760000000000000e+05
5.227250000000000000e+05
5.227410000000000000e+05
5.227590000000000000e+05
5.227760000000000000e+05
5.227910000000000000e+05
5.228100000000000000e+05
5.228250000000000000e+05
5.228430000000000000e+05
5.229110000000000000e+05
5.229440000000000000e+05
5.229570000000000000e+05
5.229760000000000000e+05
5.229980000000000000e+05
5.230130000000000000e+05
5.230260000000000000e+05
5.230450000000000000e+05
5.230590000000000000e+05
5.230760000000000000e+05
5.230950000000000000e+05
5.231120000000000000e+05
5.231280000000000000e+05
5.231430000000000000e+05
5.231600000000000000e+05
5.231740000000000000e+05
5.231910000000000000e+05
5.232100000000000000e+05
5.232270000000000000e+05
5.232590000000000000e+05
5.232810000000000000e+05
5.233880000000000000e+05
5.239650000000000000e+05
5.239800000000000000e+05
5.239910000000000000e+05
5.240120000000000000e+05
5.240310000000000000e+05
5.240530000000000000e+05
5.240640000000000000e+05
5.240820000000000000e+05
5.240960000000000000e+05
5.241160000000000000e+05
5.241320000000000000e+05
5.241490000000000000e+05
5.241650000000000000e+05
5.241810000000000000e+05
5.242150000000000000e+05
5.242320000000000000e+05
5.242490000000000000e+05
5.242660000000000000e+05
5.242840000000000000e+05
5.243010000000000000e+05
5.243150000000000000e+05
5.243310000000000000e+05
5.243500000000000000e+05
5.243660000000000000e+05
5.243830000000000000e+05
5.244040000000000000e+05
5.244330000000000000e+05
5.244490000000000000e+05
5.244730000000000000e+05
5.244850000000000000e+05
5.245000000000000000e+05
5.245370000000000000e+05
5.245480000000000000e+05
5.245750000000000000e+05
5.245920000000000000e+05
5.246260000000000000e+05
5.246450000000000000e+05
5.246750000000000000e+05
5.246920000000000000e+05
5.247150000000000000e+05
5.247400000000000000e+05
5.247590000000000000e+05
5.247740000000000000e+05
5.256750000000000000e+05
5.257590000000000000e+05
5.257730000000000000e+05
5.258280000000000000e+05
5.258500000000000000e+05
5.258640000000000000e+05
5.258800000000000000e+05
5.258940000000000000e+05
5.259140000000000000e+05
5.259300000000000000e+05
5.259490000000000000e+05
5.259640000000000000e+05
5.259810000000000000e+05
5.259960000000000000e+05
5.260110000000000000e+05
5.260280000000000000e+05
5.260470000000000000e+05
5.260640000000000000e+05
5.260790000000000000e+05
5.260990000000000000e+05
5.261140000000000000e+05
5.261300000000000000e+05
5.261470000000000000e+05
5.261650000000000000e+05
5.261820000000000000e+05
5.262010000000000000e+05
5.262310000000000000e+05
5.262660000000000000e+05
5.262800000000000000e+05
5.262990000000000000e+05
5.263130000000000000e+05
5.263310000000000000e+05
5.263480000000000000e+05
5.263690000000000000e+05
5.263810000000000000e+05
5.263990000000000000e+05
5.264160000000000000e+05
5.264480000000000000e+05
5.264670000000000000e+05
5.264830000000000000e+05
5.265180000000000000e+05
5.265290000000000000e+05
5.265560000000000000e+05
5.265750000000000000e+05
5.265960000000000000e+05
5.266240000000000000e+05
5.266410000000000000e+05
5.266560000000000000e+05
5.267080000000000000e+05
5.267240000000000000e+05
5.267410000000000000e+05
5.267820000000000000e+05
5.267910000000000000e+05
5.269070000000000000e+05
5.269250000000000000e+05
5.269440000000000000e+05
5.269780000000000000e+05
5.273410000000000000e+05
5.273910000000000000e+05
5.274220000000000000e+05
5.274420000000000000e+05
5.274590000000000000e+05
5.274940000000000000e+05
5.275120000000000000e+05
5.275250000000000000e+05
5.275440000000000000e+05
5.275590000000000000e+05
5.275750000000000000e+05
5.275920000000000000e+05
5.276200000000000000e+05
5.276340000000000000e+05
5.276520000000000000e+05
5.276810000000000000e+05
5.276930000000000000e+05
5.277440000000000000e+05
5.277580000000000000e+05
5.277770000000000000e+05
5.277940000000000000e+05
5.278160000000000000e+05
5.278330000000000000e+05
5.278450000000000000e+05
5.278590000000000000e+05
5.278760000000000000e+05
5.278960000000000000e+05
5.279110000000000000e+05
5.279260000000000000e+05
5.279470000000000000e+05
5.279610000000000000e+05
5.279860000000000000e+05
5.280120000000000000e+05
5.280280000000000000e+05
5.280510000000000000e+05
5.280780000000000000e+05
5.280940000000000000e+05
5.281150000000000000e+05
5.281360000000000000e+05
5.281630000000000000e+05
5.281790000000000000e+05
5.281980000000000000e+05
5.282130000000000000e+05
5.282320000000000000e+05
5.282630000000000000e+05
5.282790000000000000e+05
5.282970000000000000e+05
5.283150000000000000e+05
5.283310000000000000e+05
5.283480000000000000e+05
5.283620000000000000e+05
5.283820000000000000e+05
5.288420000000000000e+05
5.288740000000000000e+05
5.288910000000000000e+05
5.289070000000000000e+05
5.289240000000000000e+05
5.289410000000000000e+05
5.289590000000000000e+05
5.289730000000000000e+05
5.289910000000000000e+05
5.291230000000000000e+05
5.291550000000000000e+05
5.291720000000000000e+05
5.291900000000000000e+05
5.292070000000000000e+05
5.292230000000000000e+05
5.292400000000000000e+05
5.292580000000000000e+05
5.292730000000000000e+05
5.292920000000000000e+05
5.293090000000000000e+05
5.293410000000000000e+05
5.293550000000000000e+05
5.293730000000000000e+05
5.293890000000000000e+05
5.294050000000000000e+05
5.294230000000000000e+05
5.294410000000000000e+05
5.294570000000000000e+05
5.294740000000000000e+05
5.294900000000000000e+05
5.295050000000000000e+05
5.295230000000000000e+05
5.295410000000000000e+05
5.295560000000000000e+05
5.295720000000000000e+05
5.295890000000000000e+05
5.296080000000000000e+05
5.296250000000000000e+05
5.296410000000000000e+05
5.296560000000000000e+05
5.296750000000000000e+05
5.296900000000000000e+05
5.297100000000000000e+05
5.297260000000000000e+05
5.297420000000000000e+05
5.297590000000000000e+05
5.297790000000000000e+05
5.297940000000000000e+05
5.298100000000000000e+05
5.298250000000000000e+05
5.298410000000000000e+05
5.298630000000000000e+05
5.298930000000000000e+05
5.299100000000000000e+05
5.299780000000000000e+05
5.299970000000000000e+05
5.300280000000000000e+05
5.300450000000000000e+05
5.300590000000000000e+05
5.300770000000000000e+05
5.301010000000000000e+05
5.301280000000000000e+05
5.301460000000000000e+05
5.301630000000000000e+05
5.301790000000000000e+05
5.301960000000000000e+05
5.302100000000000000e+05
5.302280000000000000e+05
5.310550000000000000e+05
5.310680000000000000e+05
5.310900000000000000e+05
5.311050000000000000e+05
5.311240000000000000e+05
5.311740000000000000e+05
5.311890000000000000e+05
5.312070000000000000e+05
5.312220000000000000e+05
5.312400000000000000e+05
5.312620000000000000e+05
5.312890000000000000e+05
5.313040000000000000e+05
5.313230000000000000e+05
5.313380000000000000e+05
5.313660000000000000e+05
5.313810000000000000e+05
5.314060000000000000e+05
5.314240000000000000e+05
5.314400000000000000e+05
5.314720000000000000e+05
5.314910000000000000e+05
5.315060000000000000e+05
5.315420000000000000e+05
5.315560000000000000e+05
5.315730000000000000e+05
5.315880000000000000e+05
5.316080000000000000e+05
5.316240000000000000e+05
5.316570000000000000e+05
5.316900000000000000e+05
5.317080000000000000e+05
5.317240000000000000e+05
5.317590000000000000e+05
5.317760000000000000e+05
5.317940000000000000e+05
5.318080000000000000e+05
