1.120340000000000000e+05
1.120470000000000000e+05
1.120680000000000000e+05
1.120840000000000000e+05
1.120990000000000000e+05
1.121150000000000000e+05
1.121340000000000000e+05
1.121510000000000000e+05
1.121690000000000000e+05
1.121980000000000000e+05
1.122160000000000000e+05
1.122480000000000000e+05
1.123590000000000000e+05
1.123830000000000000e+05
1.124000000000000000e+05
1.131440000000000000e+05
1.131800000000000000e+05
1.131930000000000000e+05
1.132110000000000000e+05
1.132290000000000000e+05
1.132440000000000000e+05
1.132610000000000000e+05
1.132980000000000000e+05
1.133110000000000000e+05
1.133270000000000000e+05
1.133600000000000000e+05
1.133790000000000000e+05
1.133940000000000000e+05
1.134150000000000000e+05
1.134450000000000000e+05
1.134640000000000000e+05
1.134800000000000000e+05
1.135090000000000000e+05
1.135440000000000000e+05
1.135590000000000000e+05
1.135790000000000000e+05
1.135990000000000000e+05
1.136110000000000000e+05
1.136270000000000000e+05
1.136450000000000000e+05
1.136610000000000000e+05
1.136790000000000000e+05
1.137000000000000000e+05
1.137120000000000000e+05
1.137440000000000000e+05
1.137630000000000000e+05
1.137770000000000000e+05
1.137950000000000000e+05
1.138130000000000000e+05
1.138290000000000000e+05
1.138460000000000000e+05
1.138800000000000000e+05
1.138970000000000000e+05
1.139150000000000000e+05
1.139310000000000000e+05
1.139450000000000000e+05
1.139630000000000000e+05
1.139790000000000000e+05
1.139960000000000000e+05
1.140230000000000000e+05
1.140330000000000000e+05
1.140630000000000000e+05
1.140810000000000000e+05
1.140990000000000000e+05
1.141150000000000000e+05
1.141650000000000000e+05
1.141850000000000000e+05
1.141970000000000000e+05
1.142180000000000000e+05
1.142320000000000000e+05
1.142650000000000000e+05
1.142880000000000000e+05
1.142990000000000000e+05
1.143150000000000000e+05
1.143590000000000000e+05
1.145000000000000000e+05
1.145200000000000000e+05
1.145360000000000000e+05
1.145670000000000000e+05
1.146610000000000000e+05
1.146870000000000000e+05
1.151700000000000000e+05
1.153110000000000000e+05
1.154320000000000000e+05
1.154610000000000000e+05
1.154810000000000000e+05
1.154970000000000000e+05
1.155120000000000000e+05
1.155280000000000000e+05
1.155430000000000000e+05
1.155650000000000000e+05
1.155780000000000000e+05
1.155920000000000000e+05
1.156090000000000000e+05
1.156290000000000000e+05
1.156440000000000000e+05
1.156630000000000000e+05
1.156850000000000000e+05
1.156980000000000000e+05
1.157130000000000000e+05
1.157260000000000000e+05
1.157540000000000000e+05
1.157690000000000000e+05
1.157830000000000000e+05
1.158200000000000000e+05
1.158330000000000000e+05
1.158470000000000000e+05
1.158630000000000000e+05
1.158780000000000000e+05
1.158970000000000000e+05
1.159130000000000000e+05
1.159300000000000000e+05
1.159470000000000000e+05
1.159630000000000000e+05
1.159800000000000000e+05
1.159950000000000000e+05
1.160140000000000000e+05
1.160300000000000000e+05
1.160470000000000000e+05
1.160630000000000000e+05
1.160800000000000000e+05
1.161010000000000000e+05
1.161130000000000000e+05
1.161330000000000000e+05
1.161490000000000000e+05
1.161640000000000000e+05
1.161800000000000000e+05
1.161980000000000000e+05
1.162140000000000000e+05
1.162310000000000000e+05
1.162500000000000000e+05
1.162650000000000000e+05
1.162840000000000000e+05
1.162990000000000000e+05
1.163150000000000000e+05
1.163330000000000000e+05
1.163500000000000000e+05
1.163640000000000000e+05
1.163840000000000000e+05
1.164480000000000000e+05
1.164670000000000000e+05
1.164830000000000000e+05
1.165350000000000000e+05
1.165490000000000000e+05
1.166690000000000000e+05
1.166850000000000000e+05
1.166980000000000000e+05
1.167280000000000000e+05
1.170260000000000000e+05
1.170410000000000000e+05
1.170580000000000000e+05
1.170740000000000000e+05
1.170940000000000000e+05
1.171100000000000000e+05
1.171260000000000000e+05
1.171420000000000000e+05
1.171640000000000000e+05
1.172250000000000000e+05
1.172430000000000000e+05
1.172620000000000000e+05
1.172770000000000000e+05
1.172930000000000000e+05
1.173250000000000000e+05
1.173430000000000000e+05
1.173600000000000000e+05
1.173770000000000000e+05
1.173950000000000000e+05
1.174120000000000000e+05
1.174270000000000000e+05
1.174430000000000000e+05
1.174590000000000000e+05
1.174780000000000000e+05
1.175100000000000000e+05
1.175280000000000000e+05
1.175410000000000000e+05
1.175590000000000000e+05
1.175760000000000000e+05
1.175950000000000000e+05
1.176110000000000000e+05
1.176290000000000000e+05
1.176610000000000000e+05
1.176780000000000000e+05
1.176940000000000000e+05
1.177080000000000000e+05
1.177270000000000000e+05
1.177430000000000000e+05
1.177620000000000000e+05
1.177810000000000000e+05
1.177960000000000000e+05
1.178260000000000000e+05
1.178450000000000000e+05
1.178650000000000000e+05
1.178760000000000000e+05
1.178940000000000000e+05
1.179120000000000000e+05
1.179270000000000000e+05
1.179440000000000000e+05
1.179780000000000000e+05
1.179940000000000000e+05
1.180100000000000000e+05
1.180460000000000000e+05
1.180710000000000000e+05
1.180890000000000000e+05
1.181120000000000000e+05
1.181450000000000000e+05
1.181580000000000000e+05
1.181700000000000000e+05
1.181820000000000000e+05
1.182150000000000000e+05
1.182310000000000000e+05
1.182480000000000000e+05
1.182630000000000000e+05
1.182960000000000000e+05
1.183080000000000000e+05
1.184690000000000000e+05
1.184780000000000000e+05
1.186330000000000000e+05
1.186510000000000000e+05
1.186680000000000000e+05
1.186850000000000000e+05
1.186950000000000000e+05
1.187100000000000000e+05
1.190770000000000000e+05
1.190940000000000000e+05
1.191240000000000000e+05
1.191410000000000000e+05
1.192260000000000000e+05
1.192410000000000000e+05
1.192570000000000000e+05
1.192760000000000000e+05
1.192920000000000000e+05
1.193070000000000000e+05
1.193410000000000000e+05
1.193580000000000000e+05
1.193760000000000000e+05
1.193940000000000000e+05
1.194090000000000000e+05
1.194260000000000000e+05
1.194410000000000000e+05
1.194580000000000000e+05
1.194730000000000000e+05
1.194910000000000000e+05
1.195130000000000000e+05
1.195430000000000000e+05
1.195590000000000000e+05
1.195730000000000000e+05
1.195940000000000000e+05
1.196100000000000000e+05
1.196260000000000000e+05
1.196420000000000000e+05
1.196590000000000000e+05
1.196730000000000000e+05
1.196910000000000000e+05
1.197080000000000000e+05
1.197250000000000000e+05
1.197430000000000000e+05
1.197590000000000000e+05
1.197760000000000000e+05
1.197930000000000000e+05
1.198090000000000000e+05
1.198280000000000000e+05
1.198440000000000000e+05
1.198610000000000000e+05
1.198770000000000000e+05
1.198920000000000000e+05
1.199100000000000000e+05
1.199280000000000000e+05
1.199490000000000000e+05
1.199620000000000000e+05
1.199780000000000000e+05
1.199950000000000000e+05
1.200280000000000000e+05
1.200430000000000000e+05
1.200630000000000000e+05
1.200950000000000000e+05
1.201130000000000000e+05
1.201270000000000000e+05
1.201440000000000000e+05
1.201640000000000000e+05
1.201790000000000000e+05
1.202130000000000000e+05
1.202280000000000000e+05
1.202480000000000000e+05
1.202620000000000000e+05
1.202820000000000000e+05
1.203140000000000000e+05
1.205740000000000000e+05
1.206070000000000000e+05
1.206190000000000000e+05
1.206310000000000000e+05
1.206490000000000000e+05
1.206660000000000000e+05
1.206850000000000000e+05
1.207010000000000000e+05
1.207120000000000000e+05
1.207250000000000000e+05
1.209240000000000000e+05
1.211070000000000000e+05
1.211250000000000000e+05
1.211420000000000000e+05
1.211570000000000000e+05
1.211740000000000000e+05
1.211910000000000000e+05
1.212080000000000000e+05
1.212300000000000000e+05
1.212430000000000000e+05
1.212770000000000000e+05
1.212910000000000000e+05
1.213080000000000000e+05
1.213250000000000000e+05
1.213410000000000000e+05
1.213590000000000000e+05
1.213830000000000000e+05
1.214090000000000000e+05
1.214250000000000000e+05
1.214420000000000000e+05
1.214570000000000000e+05
1.214730000000000000e+05
1.214920000000000000e+05
1.215140000000000000e+05
1.215410000000000000e+05
1.215560000000000000e+05
1.215750000000000000e+05
1.215970000000000000e+05
1.216080000000000000e+05
1.216240000000000000e+05
1.216420000000000000e+05
1.216570000000000000e+05
1.216740000000000000e+05
1.216910000000000000e+05
1.217100000000000000e+05
1.217260000000000000e+05
1.217430000000000000e+05
1.217580000000000000e+05
1.217760000000000000e+05
1.217920000000000000e+05
1.218100000000000000e+05
1.218260000000000000e+05
1.218430000000000000e+05
1.218630000000000000e+05
1.218770000000000000e+05
1.218900000000000000e+05
1.219110000000000000e+05
1.219240000000000000e+05
1.219430000000000000e+05
1.219630000000000000e+05
1.220270000000000000e+05
1.220450000000000000e+05
1.220640000000000000e+05
1.220770000000000000e+05
1.220950000000000000e+05
1.221110000000000000e+05
1.221300000000000000e+05
1.221610000000000000e+05
1.221790000000000000e+05
1.221950000000000000e+05
1.222110000000000000e+05
1.222310000000000000e+05
1.222490000000000000e+05
1.222620000000000000e+05
1.222810000000000000e+05
1.223120000000000000e+05
1.223310000000000000e+05
1.223890000000000000e+05
1.224890000000000000e+05
1.225000000000000000e+05
1.226090000000000000e+05
1.226320000000000000e+05
1.226490000000000000e+05
1.226670000000000000e+05
1.226830000000000000e+05
1.226970000000000000e+05
1.227580000000000000e+05
1.227730000000000000e+05
1.227910000000000000e+05
1.228250000000000000e+05
1.228410000000000000e+05
1.228570000000000000e+05
1.228900000000000000e+05
1.229070000000000000e+05
1.229220000000000000e+05
1.229380000000000000e+05
1.229580000000000000e+05
1.229750000000000000e+05
1.229880000000000000e+05
1.230090000000000000e+05
1.230220000000000000e+05
1.230420000000000000e+05
1.230560000000000000e+05
1.230730000000000000e+05
1.230910000000000000e+05
1.231060000000000000e+05
1.231220000000000000e+05
1.231410000000000000e+05
1.231570000000000000e+05
1.231750000000000000e+05
1.231910000000000000e+05
1.232060000000000000e+05
1.232230000000000000e+05
1.232470000000000000e+05
1.232580000000000000e+05
1.232910000000000000e+05
1.233060000000000000e+05
1.233250000000000000e+05
1.233410000000000000e+05
1.233570000000000000e+05
1.233750000000000000e+05
1.233910000000000000e+05
1.234070000000000000e+05
1.234280000000000000e+05
1.234500000000000000e+05
1.234740000000000000e+05
1.234900000000000000e+05
1.235060000000000000e+05
1.235230000000000000e+05
1.235740000000000000e+05
1.235900000000000000e+05
1.236070000000000000e+05
1.236400000000000000e+05
1.236570000000000000e+05
1.236910000000000000e+05
1.237070000000000000e+05
1.237230000000000000e+05
1.239240000000000000e+05
1.241760000000000000e+05
1.241870000000000000e+05
1.242330000000000000e+05
1.243400000000000000e+05
1.243610000000000000e+05
1.245890000000000000e+05
1.246540000000000000e+05
1.247140000000000000e+05
1.247260000000000000e+05
1.247570000000000000e+05
1.247730000000000000e+05
1.247890000000000000e+05
1.248230000000000000e+05
1.248410000000000000e+05
1.248830000000000000e+05
1.248980000000000000e+05
1.249080000000000000e+05
1.249210000000000000e+05
1.249380000000000000e+05
1.249570000000000000e+05
1.249730000000000000e+05
1.249890000000000000e+05
1.250050000000000000e+05
1.250400000000000000e+05
1.250570000000000000e+05
1.250710000000000000e+05
1.251070000000000000e+05
1.251230000000000000e+05
1.251390000000000000e+05
1.251540000000000000e+05
1.251710000000000000e+05
1.252400000000000000e+05
1.252540000000000000e+05
1.252880000000000000e+05
1.253060000000000000e+05
1.253230000000000000e+05
1.253380000000000000e+05
1.253540000000000000e+05
1.253740000000000000e+05
1.253920000000000000e+05
1.254070000000000000e+05
1.254210000000000000e+05
1.254380000000000000e+05
1.254570000000000000e+05
1.254750000000000000e+05
1.254900000000000000e+05
1.255130000000000000e+05
1.255300000000000000e+05
1.255570000000000000e+05
1.255700000000000000e+05
1.255890000000000000e+05
1.256090000000000000e+05
1.256300000000000000e+05
1.256600000000000000e+05
1.256700000000000000e+05
1.257410000000000000e+05
1.261420000000000000e+05
1.261570000000000000e+05
1.261740000000000000e+05
1.262080000000000000e+05
1.262210000000000000e+05
1.262780000000000000e+05
1.262940000000000000e+05
1.263100000000000000e+05
1.263270000000000000e+05
1.263450000000000000e+05
1.263590000000000000e+05
1.263760000000000000e+05
1.263940000000000000e+05
1.264160000000000000e+05
1.264440000000000000e+05
1.264610000000000000e+05
1.264810000000000000e+05
1.264960000000000000e+05
1.265310000000000000e+05
1.265440000000000000e+05
1.265640000000000000e+05
1.265820000000000000e+05
1.265940000000000000e+05
1.266110000000000000e+05
1.266330000000000000e+05
1.266470000000000000e+05
1.266810000000000000e+05
1.266970000000000000e+05
1.267150000000000000e+05
1.267310000000000000e+05
1.267560000000000000e+05
1.267730000000000000e+05
1.267880000000000000e+05
1.268040000000000000e+05
1.268390000000000000e+05
1.268550000000000000e+05
1.268730000000000000e+05
1.268950000000000000e+05
1.269150000000000000e+05
1.269340000000000000e+05
1.269590000000000000e+05
1.269870000000000000e+05
1.270040000000000000e+05
1.270200000000000000e+05
1.270370000000000000e+05
1.270540000000000000e+05
1.270730000000000000e+05
1.270890000000000000e+05
1.271060000000000000e+05
1.271200000000000000e+05
1.271390000000000000e+05
1.271540000000000000e+05
1.271710000000000000e+05
1.271920000000000000e+05
1.272220000000000000e+05
1.272360000000000000e+05
1.272550000000000000e+05
1.272710000000000000e+05
1.272920000000000000e+05
1.273540000000000000e+05
1.273730000000000000e+05
1.274050000000000000e+05
1.278240000000000000e+05
1.278390000000000000e+05
1.278510000000000000e+05
1.278730000000000000e+05
1.278880000000000000e+05
1.279080000000000000e+05
1.279240000000000000e+05
1.279400000000000000e+05
1.280860000000000000e+05
1.281200000000000000e+05
1.281410000000000000e+05
1.281560000000000000e+05
1.281730000000000000e+05
1.281890000000000000e+05
1.282270000000000000e+05
1.282430000000000000e+05
1.282620000000000000e+05
1.282760000000000000e+05
1.282930000000000000e+05
1.283090000000000000e+05
1.283270000000000000e+05
1.283610000000000000e+05
1.283780000000000000e+05
1.283940000000000000e+05
1.284110000000000000e+05
1.284450000000000000e+05
1.284620000000000000e+05
1.284780000000000000e+05
1.284980000000000000e+05
1.285630000000000000e+05
1.285770000000000000e+05
1.285950000000000000e+05
1.286110000000000000e+05
1.286290000000000000e+05
1.286460000000000000e+05
1.286610000000000000e+05
1.286780000000000000e+05
1.286960000000000000e+05
1.287120000000000000e+05
1.287300000000000000e+05
1.287550000000000000e+05
1.287720000000000000e+05
1.287880000000000000e+05
1.288020000000000000e+05
1.288390000000000000e+05
1.288550000000000000e+05
1.288710000000000000e+05
1.288880000000000000e+05
1.289030000000000000e+05
1.289360000000000000e+05
1.289540000000000000e+05
1.289730000000000000e+05
1.289860000000000000e+05
1.290210000000000000e+05
1.290360000000000000e+05
1.290550000000000000e+05
1.290700000000000000e+05
1.290880000000000000e+05
1.291040000000000000e+05
1.291360000000000000e+05
1.291560000000000000e+05
1.291740000000000000e+05
1.291880000000000000e+05
1.292020000000000000e+05
1.292210000000000000e+05
1.292380000000000000e+05
1.292550000000000000e+05
1.292710000000000000e+05
1.292880000000000000e+05
1.293040000000000000e+05
1.293360000000000000e+05
1.293580000000000000e+05
1.293690000000000000e+05
1.293890000000000000e+05
1.294190000000000000e+05
1.294380000000000000e+05
1.298710000000000000e+05
1.298890000000000000e+05
1.299060000000000000e+05
1.299240000000000000e+05
1.299410000000000000e+05
1.299560000000000000e+05
1.299760000000000000e+05
1.299900000000000000e+05
1.300070000000000000e+05
1.300220000000000000e+05
1.300390000000000000e+05
1.300570000000000000e+05
1.300740000000000000e+05
1.300910000000000000e+05
1.301060000000000000e+05
1.301240000000000000e+05
1.301410000000000000e+05
1.301600000000000000e+05
1.301750000000000000e+05
1.301920000000000000e+05
1.302100000000000000e+05
1.302280000000000000e+05
1.302420000000000000e+05
1.302600000000000000e+05
1.302760000000000000e+05
1.302920000000000000e+05
1.303090000000000000e+05
1.303260000000000000e+05
1.303410000000000000e+05
1.303630000000000000e+05
1.303760000000000000e+05
1.303940000000000000e+05
1.304250000000000000e+05
1.304440000000000000e+05
1.304590000000000000e+05
1.304920000000000000e+05
1.305090000000000000e+05
1.305280000000000000e+05
1.305440000000000000e+05
1.305600000000000000e+05
1.305950000000000000e+05
1.306090000000000000e+05
1.306270000000000000e+05
1.306440000000000000e+05
1.306650000000000000e+05
1.306800000000000000e+05
1.306970000000000000e+05
1.307120000000000000e+05
1.307270000000000000e+05
1.307440000000000000e+05
1.308040000000000000e+05
1.308210000000000000e+05
1.308360000000000000e+05
1.308560000000000000e+05
1.308870000000000000e+05
1.309020000000000000e+05
1.309190000000000000e+05
1.309550000000000000e+05
1.312510000000000000e+05
1.314570000000000000e+05
1.318550000000000000e+05
1.318660000000000000e+05
1.318930000000000000e+05
1.319030000000000000e+05
1.319210000000000000e+05
1.319380000000000000e+05
1.319560000000000000e+05
1.319710000000000000e+05
1.319910000000000000e+05
1.320040000000000000e+05
1.320230000000000000e+05
1.320400000000000000e+05
1.320570000000000000e+05
1.320760000000000000e+05
1.320900000000000000e+05
1.321070000000000000e+05
1.321240000000000000e+05
1.321420000000000000e+05
1.321600000000000000e+05
1.321770000000000000e+05
1.321920000000000000e+05
1.322110000000000000e+05
1.322260000000000000e+05
1.322420000000000000e+05
1.322560000000000000e+05
1.322780000000000000e+05
1.322900000000000000e+05
1.323070000000000000e+05
1.323250000000000000e+05
1.323440000000000000e+05
1.323590000000000000e+05
1.323780000000000000e+05
1.323930000000000000e+05
1.324250000000000000e+05
1.324440000000000000e+05
1.324590000000000000e+05
1.324750000000000000e+05
1.324920000000000000e+05
1.325090000000000000e+05
1.325240000000000000e+05
1.325670000000000000e+05
1.325810000000000000e+05
1.326790000000000000e+05
1.326970000000000000e+05
1.327120000000000000e+05
1.327290000000000000e+05
1.327450000000000000e+05
1.327590000000000000e+05
1.327860000000000000e+05
1.328000000000000000e+05
1.328180000000000000e+05
1.328370000000000000e+05
1.328690000000000000e+05
1.329350000000000000e+05
1.330550000000000000e+05
1.330690000000000000e+05
1.330870000000000000e+05
1.331940000000000000e+05
1.334210000000000000e+05
1.334520000000000000e+05
1.334710000000000000e+05
1.334880000000000000e+05
1.335060000000000000e+05
1.335220000000000000e+05
1.335360000000000000e+05
1.335520000000000000e+05
1.335690000000000000e+05
1.335860000000000000e+05
1.336020000000000000e+05
1.336190000000000000e+05
1.336340000000000000e+05
1.336510000000000000e+05
1.336680000000000000e+05
1.336870000000000000e+05
1.337030000000000000e+05
1.337180000000000000e+05
1.337340000000000000e+05
1.337540000000000000e+05
1.338180000000000000e+05
1.338390000000000000e+05
1.338540000000000000e+05
1.338730000000000000e+05
1.338870000000000000e+05
1.339060000000000000e+05
1.339230000000000000e+05
1.339370000000000000e+05
1.339540000000000000e+05
1.339720000000000000e+05
1.339880000000000000e+05
1.340050000000000000e+05
1.340220000000000000e+05
1.340400000000000000e+05
1.340540000000000000e+05
1.340740000000000000e+05
1.340890000000000000e+05
1.341060000000000000e+05
1.341290000000000000e+05
1.341540000000000000e+05
1.341730000000000000e+05
1.341900000000000000e+05
1.342070000000000000e+05
1.342230000000000000e+05
1.342400000000000000e+05
1.342560000000000000e+05
1.342730000000000000e+05
1.342910000000000000e+05
1.343070000000000000e+05
1.343220000000000000e+05
1.343430000000000000e+05
1.343580000000000000e+05
1.343720000000000000e+05
1.344080000000000000e+05
1.344250000000000000e+05
1.344450000000000000e+05
1.344600000000000000e+05
1.344740000000000000e+05
1.344900000000000000e+05
1.345090000000000000e+05
1.345260000000000000e+05
1.345750000000000000e+05
1.349680000000000000e+05
1.349870000000000000e+05
1.350020000000000000e+05
1.350340000000000000e+05
1.350520000000000000e+05
1.350670000000000000e+05
1.350840000000000000e+05
1.351030000000000000e+05
1.351700000000000000e+05
1.351880000000000000e+05
1.352030000000000000e+05
1.352350000000000000e+05
1.352540000000000000e+05
1.352680000000000000e+05
1.353030000000000000e+05
1.353170000000000000e+05
1.353330000000000000e+05
1.353520000000000000e+05
1.353690000000000000e+05
1.353840000000000000e+05
1.354010000000000000e+05
1.354180000000000000e+05
1.354400000000000000e+05
1.354580000000000000e+05
1.354860000000000000e+05
1.355010000000000000e+05
1.355160000000000000e+05
1.355330000000000000e+05
1.355530000000000000e+05
1.355680000000000000e+05
1.355840000000000000e+05
1.356020000000000000e+05
1.356190000000000000e+05
1.356350000000000000e+05
1.356540000000000000e+05
1.356700000000000000e+05
1.356870000000000000e+05
1.357040000000000000e+05
1.357190000000000000e+05
1.357350000000000000e+05
1.357510000000000000e+05
1.357660000000000000e+05
1.357860000000000000e+05
1.358030000000000000e+05
1.358190000000000000e+05
1.358360000000000000e+05
1.358530000000000000e+05
1.358670000000000000e+05
1.358870000000000000e+05
1.359030000000000000e+05
1.359220000000000000e+05
1.359370000000000000e+05
1.359530000000000000e+05
1.359690000000000000e+05
1.359850000000000000e+05
1.360040000000000000e+05
1.360690000000000000e+05
1.360860000000000000e+05
1.361250000000000000e+05
1.361390000000000000e+05
1.361550000000000000e+05
1.361710000000000000e+05
1.361870000000000000e+05
1.362060000000000000e+05
1.362220000000000000e+05
1.362820000000000000e+05
1.363920000000000000e+05
1.365310000000000000e+05
1.365520000000000000e+05
1.370220000000000000e+05
1.370400000000000000e+05
1.370540000000000000e+05
1.370700000000000000e+05
1.370990000000000000e+05
1.371240000000000000e+05
1.371510000000000000e+05
1.371680000000000000e+05
1.371840000000000000e+05
1.372010000000000000e+05
1.372170000000000000e+05
1.372340000000000000e+05
1.372490000000000000e+05
1.372670000000000000e+05
1.372860000000000000e+05
1.373010000000000000e+05
1.373350000000000000e+05
1.373510000000000000e+05
1.373680000000000000e+05
1.373850000000000000e+05
1.374020000000000000e+05
1.374160000000000000e+05
1.374350000000000000e+05
1.374510000000000000e+05
1.374840000000000000e+05
1.375010000000000000e+05
1.375160000000000000e+05
1.375330000000000000e+05
1.375520000000000000e+05
1.375680000000000000e+05
1.375840000000000000e+05
1.376170000000000000e+05
1.376340000000000000e+05
1.376510000000000000e+05
1.377150000000000000e+05
1.381500000000000000e+05
1.382210000000000000e+05
1.382390000000000000e+05
1.382570000000000000e+05
1.383010000000000000e+05
1.384520000000000000e+05
1.384880000000000000e+05
1.385010000000000000e+05
1.385170000000000000e+05
1.385620000000000000e+05
1.385910000000000000e+05
1.386070000000000000e+05
1.386230000000000000e+05
1.386390000000000000e+05
1.386600000000000000e+05
1.386920000000000000e+05
1.387060000000000000e+05
1.387230000000000000e+05
1.387410000000000000e+05
1.387560000000000000e+05
1.387750000000000000e+05
1.387960000000000000e+05
1.388060000000000000e+05
1.388210000000000000e+05
1.388680000000000000e+05
1.388810000000000000e+05
1.389030000000000000e+05
1.389190000000000000e+05
1.389500000000000000e+05
1.389660000000000000e+05
1.389840000000000000e+05
1.390000000000000000e+05
1.390170000000000000e+05
1.390670000000000000e+05
1.390810000000000000e+05
1.391080000000000000e+05
1.391350000000000000e+05
1.391830000000000000e+05
1.391990000000000000e+05
1.392250000000000000e+05
1.392380000000000000e+05
1.392670000000000000e+05
1.392830000000000000e+05
1.392990000000000000e+05
1.393700000000000000e+05
1.393830000000000000e+05
1.394010000000000000e+05
1.394150000000000000e+05
1.394330000000000000e+05
1.394510000000000000e+05
1.394670000000000000e+05
1.394990000000000000e+05
1.395170000000000000e+05
1.395350000000000000e+05
1.395490000000000000e+05
1.395670000000000000e+05
1.395980000000000000e+05
1.396160000000000000e+05
1.396390000000000000e+05
1.396510000000000000e+05
1.396670000000000000e+05
1.396850000000000000e+05
1.398180000000000000e+05
1.398340000000000000e+05
1.398510000000000000e+05
1.401670000000000000e+05
1.402000000000000000e+05
1.402310000000000000e+05
1.402410000000000000e+05
1.402840000000000000e+05
1.403090000000000000e+05
1.405520000000000000e+05
1.405670000000000000e+05
1.405860000000000000e+05
1.406470000000000000e+05
1.406600000000000000e+05
1.406900000000000000e+05
1.407100000000000000e+05
1.407260000000000000e+05
1.407410000000000000e+05
1.407570000000000000e+05
1.407910000000000000e+05
1.408060000000000000e+05
1.408270000000000000e+05
1.408390000000000000e+05
1.408660000000000000e+05
1.408830000000000000e+05
1.409000000000000000e+05
1.409330000000000000e+05
1.409670000000000000e+05
1.409810000000000000e+05
1.409970000000000000e+05
1.410340000000000000e+05
1.410520000000000000e+05
1.410830000000000000e+05
1.410990000000000000e+05
1.411160000000000000e+05
1.411320000000000000e+05
1.411490000000000000e+05
1.411640000000000000e+05
1.411840000000000000e+05
1.411980000000000000e+05
1.412150000000000000e+05
1.412480000000000000e+05
1.412640000000000000e+05
1.412840000000000000e+05
1.413000000000000000e+05
1.413200000000000000e+05
1.413350000000000000e+05
1.413670000000000000e+05
1.413850000000000000e+05
1.414180000000000000e+05
1.414340000000000000e+05
1.414480000000000000e+05
1.414640000000000000e+05
1.414830000000000000e+05
1.414990000000000000e+05
1.415140000000000000e+05
1.415330000000000000e+05
1.415660000000000000e+05
1.415820000000000000e+05
1.415990000000000000e+05
1.416170000000000000e+05
1.416330000000000000e+05
1.416480000000000000e+05
1.416650000000000000e+05
1.416820000000000000e+05
1.416970000000000000e+05
1.417140000000000000e+05
1.417500000000000000e+05
1.422000000000000000e+05
1.422500000000000000e+05
1.422670000000000000e+05
1.422770000000000000e+05
1.423480000000000000e+05
1.423740000000000000e+05
1.423900000000000000e+05
1.424160000000000000e+05
1.424370000000000000e+05
1.424520000000000000e+05
1.424750000000000000e+05
1.426640000000000000e+05
1.426750000000000000e+05
1.426860000000000000e+05
1.427110000000000000e+05
1.427390000000000000e+05
1.427560000000000000e+05
1.427980000000000000e+05
1.428190000000000000e+05
1.428350000000000000e+05
1.428650000000000000e+05
1.429020000000000000e+05
1.429180000000000000e+05
1.429480000000000000e+05
1.429650000000000000e+05
1.429800000000000000e+05
1.429990000000000000e+05
1.430160000000000000e+05
1.430320000000000000e+05
1.430470000000000000e+05
1.430670000000000000e+05
1.430810000000000000e+05
1.430970000000000000e+05
1.431150000000000000e+05
1.431300000000000000e+05
1.431470000000000000e+05
1.431710000000000000e+05
1.431870000000000000e+05
1.432040000000000000e+05
1.432340000000000000e+05
1.432470000000000000e+05
1.432650000000000000e+05
1.432820000000000000e+05
1.432990000000000000e+05
1.433150000000000000e+05
1.433320000000000000e+05
1.433530000000000000e+05
1.433660000000000000e+05
1.433980000000000000e+05
1.434140000000000000e+05
1.434330000000000000e+05
1.434470000000000000e+05
1.434820000000000000e+05
1.434980000000000000e+05
1.435320000000000000e+05
1.435490000000000000e+05
1.435650000000000000e+05
1.435820000000000000e+05
1.435980000000000000e+05
1.436150000000000000e+05
1.436520000000000000e+05
1.436650000000000000e+05
1.436820000000000000e+05
1.436970000000000000e+05
1.437160000000000000e+05
1.437300000000000000e+05
1.437470000000000000e+05
1.439000000000000000e+05
1.439300000000000000e+05
1.439490000000000000e+05
1.439590000000000000e+05
1.439840000000000000e+05
1.440000000000000000e+05
1.440320000000000000e+05
1.440520000000000000e+05
1.440670000000000000e+05
1.441880000000000000e+05
1.442150000000000000e+05
1.442300000000000000e+05
1.442710000000000000e+05
1.442850000000000000e+05
1.443370000000000000e+05
1.443700000000000000e+05
1.443870000000000000e+05
1.444040000000000000e+05
1.444200000000000000e+05
1.444370000000000000e+05
1.444540000000000000e+05
1.444700000000000000e+05
1.444860000000000000e+05
1.445050000000000000e+05
1.445190000000000000e+05
1.445360000000000000e+05
1.445720000000000000e+05
1.445860000000000000e+05
1.446050000000000000e+05
1.446390000000000000e+05
1.446550000000000000e+05
1.446900000000000000e+05
1.447060000000000000e+05
1.447230000000000000e+05
1.447380000000000000e+05
1.447560000000000000e+05
1.447710000000000000e+05
1.447910000000000000e+05
1.448060000000000000e+05
1.448300000000000000e+05
1.448530000000000000e+05
1.448630000000000000e+05
1.448980000000000000e+05
1.449150000000000000e+05
1.449310000000000000e+05
1.449660000000000000e+05
1.449800000000000000e+05
1.449980000000000000e+05
1.450150000000000000e+05
1.450310000000000000e+05
1.450460000000000000e+05
1.450630000000000000e+05
1.450980000000000000e+05
1.451140000000000000e+05
1.451320000000000000e+05
1.451470000000000000e+05
1.451660000000000000e+05
1.451810000000000000e+05
1.452000000000000000e+05
1.452140000000000000e+05
1.452460000000000000e+05
1.452720000000000000e+05
1.452980000000000000e+05
1.453150000000000000e+05
1.453300000000000000e+05
1.453820000000000000e+05
1.454150000000000000e+05
1.454300000000000000e+05
1.454450000000000000e+05
1.454640000000000000e+05
1.454800000000000000e+05
1.454980000000000000e+05
1.455150000000000000e+05
1.455290000000000000e+05
1.456420000000000000e+05
1.456660000000000000e+05
1.457300000000000000e+05
1.458290000000000000e+05
1.458630000000000000e+05
1.458810000000000000e+05
1.459480000000000000e+05
1.459650000000000000e+05
1.459790000000000000e+05
1.460040000000000000e+05
1.460180000000000000e+05
1.460330000000000000e+05
1.460500000000000000e+05
1.460670000000000000e+05
1.460840000000000000e+05
1.462230000000000000e+05
1.463160000000000000e+05
1.463500000000000000e+05
1.463710000000000000e+05
1.463860000000000000e+05
1.464040000000000000e+05
1.464240000000000000e+05
1.464360000000000000e+05
1.464530000000000000e+05
1.464680000000000000e+05
1.464870000000000000e+05
1.465030000000000000e+05
1.465180000000000000e+05
1.465370000000000000e+05
1.465510000000000000e+05
1.465720000000000000e+05
1.465890000000000000e+05
1.466040000000000000e+05
1.466210000000000000e+05
1.466360000000000000e+05
1.467050000000000000e+05
1.467200000000000000e+05
1.467380000000000000e+05
1.467540000000000000e+05
1.467720000000000000e+05
1.467890000000000000e+05
1.468220000000000000e+05
1.468340000000000000e+05
1.468960000000000000e+05
1.469130000000000000e+05
1.469300000000000000e+05
1.469620000000000000e+05
1.469810000000000000e+05
1.469950000000000000e+05
1.470300000000000000e+05
1.470470000000000000e+05
1.470630000000000000e+05
1.470780000000000000e+05
1.471150000000000000e+05
1.471300000000000000e+05
1.471620000000000000e+05
1.471790000000000000e+05
1.471950000000000000e+05
1.472140000000000000e+05
1.472300000000000000e+05
1.472480000000000000e+05
1.472630000000000000e+05
1.472950000000000000e+05
1.473300000000000000e+05
1.473470000000000000e+05
1.473640000000000000e+05
1.473780000000000000e+05
1.474130000000000000e+05
1.474300000000000000e+05
1.474470000000000000e+05
1.474630000000000000e+05
1.474800000000000000e+05
1.475140000000000000e+05
1.475280000000000000e+05
1.479280000000000000e+05
1.479630000000000000e+05
1.479800000000000000e+05
1.479920000000000000e+05
1.480020000000000000e+05
1.480310000000000000e+05
1.480490000000000000e+05
1.480660000000000000e+05
1.480830000000000000e+05
1.481010000000000000e+05
1.482840000000000000e+05
1.483520000000000000e+05
1.483660000000000000e+05
1.483790000000000000e+05
1.483970000000000000e+05
1.484470000000000000e+05
1.484570000000000000e+05
1.484830000000000000e+05
1.485010000000000000e+05
1.485190000000000000e+05
1.485430000000000000e+05
1.485540000000000000e+05
1.485690000000000000e+05
1.485850000000000000e+05
1.486180000000000000e+05
1.486370000000000000e+05
1.486510000000000000e+05
1.486700000000000000e+05
1.486870000000000000e+05
1.487040000000000000e+05
1.487210000000000000e+05
1.487410000000000000e+05
1.487560000000000000e+05
1.487690000000000000e+05
1.487910000000000000e+05
1.488230000000000000e+05
1.488400000000000000e+05
1.488690000000000000e+05
1.488820000000000000e+05
1.488960000000000000e+05
1.489120000000000000e+05
1.489430000000000000e+05
1.489610000000000000e+05
1.489780000000000000e+05
1.489950000000000000e+05
1.490110000000000000e+05
1.490270000000000000e+05
1.490480000000000000e+05
1.490650000000000000e+05
1.490960000000000000e+05
1.491110000000000000e+05
1.491660000000000000e+05
1.491950000000000000e+05
1.492120000000000000e+05
1.492300000000000000e+05
1.492460000000000000e+05
1.492630000000000000e+05
1.492790000000000000e+05
1.492950000000000000e+05
1.493100000000000000e+05
1.493480000000000000e+05
1.493670000000000000e+05
1.493940000000000000e+05
1.494120000000000000e+05
1.494300000000000000e+05
1.494460000000000000e+05
1.494780000000000000e+05
1.494960000000000000e+05
1.495350000000000000e+05
1.495460000000000000e+05
1.495960000000000000e+05
1.496120000000000000e+05
1.496290000000000000e+05
1.500130000000000000e+05
1.500260000000000000e+05
1.500360000000000000e+05
1.500700000000000000e+05
1.500840000000000000e+05
1.500980000000000000e+05
1.501140000000000000e+05
1.501630000000000000e+05
1.501770000000000000e+05
1.501910000000000000e+05
1.502200000000000000e+05
1.502310000000000000e+05
1.502510000000000000e+05
1.502680000000000000e+05
1.502830000000000000e+05
1.503000000000000000e+05
1.503170000000000000e+05
1.503320000000000000e+05
1.503520000000000000e+05
1.503650000000000000e+05
1.503830000000000000e+05
1.504000000000000000e+05
1.504190000000000000e+05
1.504330000000000000e+05
1.504490000000000000e+05
1.504670000000000000e+05
1.504820000000000000e+05
1.505020000000000000e+05
1.505180000000000000e+05
1.505520000000000000e+05
1.505660000000000000e+05
1.505830000000000000e+05
1.506010000000000000e+05
1.506170000000000000e+05
1.506330000000000000e+05
1.506520000000000000e+05
1.506860000000000000e+05
1.507030000000000000e+05
1.507200000000000000e+05
1.507350000000000000e+05
1.507530000000000000e+05
1.507700000000000000e+05
1.507880000000000000e+05
1.508030000000000000e+05
1.508180000000000000e+05
1.508420000000000000e+05
1.508610000000000000e+05
1.508770000000000000e+05
1.508950000000000000e+05
1.509110000000000000e+05
1.509450000000000000e+05
1.509650000000000000e+05
1.509800000000000000e+05
1.510160000000000000e+05
1.510290000000000000e+05
1.510450000000000000e+05
1.510620000000000000e+05
1.510790000000000000e+05
1.510940000000000000e+05
1.511170000000000000e+05
1.511450000000000000e+05
1.511620000000000000e+05
1.511780000000000000e+05
1.511940000000000000e+05
1.512150000000000000e+05
1.512300000000000000e+05
1.512480000000000000e+05
1.513550000000000000e+05
1.513760000000000000e+05
1.514780000000000000e+05
1.515270000000000000e+05
1.516430000000000000e+05
1.516950000000000000e+05
1.517450000000000000e+05
1.517950000000000000e+05
1.519440000000000000e+05
1.519980000000000000e+05
1.520270000000000000e+05
1.520450000000000000e+05
1.520570000000000000e+05
1.520810000000000000e+05
1.520980000000000000e+05
1.521130000000000000e+05
1.521310000000000000e+05
1.521480000000000000e+05
1.521640000000000000e+05
1.521790000000000000e+05
1.522010000000000000e+05
1.522120000000000000e+05
1.522320000000000000e+05
1.522500000000000000e+05
1.522660000000000000e+05
1.522830000000000000e+05
1.522990000000000000e+05
1.523200000000000000e+05
1.523330000000000000e+05
1.523470000000000000e+05
1.523690000000000000e+05
1.523810000000000000e+05
1.524070000000000000e+05
1.524230000000000000e+05
1.524510000000000000e+05
1.524680000000000000e+05
1.524810000000000000e+05
1.524980000000000000e+05
1.525170000000000000e+05
1.525320000000000000e+05
1.525660000000000000e+05
1.525830000000000000e+05
1.526170000000000000e+05
1.526340000000000000e+05
1.526510000000000000e+05
1.526660000000000000e+05
1.526850000000000000e+05
1.527020000000000000e+05
1.527170000000000000e+05
1.527370000000000000e+05
1.527510000000000000e+05
1.527640000000000000e+05
1.527850000000000000e+05
1.528190000000000000e+05
1.528330000000000000e+05
1.528440000000000000e+05
1.528820000000000000e+05
1.529760000000000000e+05
1.529910000000000000e+05
1.534590000000000000e+05
1.537130000000000000e+05
1.537600000000000000e+05
1.537780000000000000e+05
1.537920000000000000e+05
1.538130000000000000e+05
1.538320000000000000e+05
1.538450000000000000e+05
1.538620000000000000e+05
1.538770000000000000e+05
1.538950000000000000e+05
1.539120000000000000e+05
1.539280000000000000e+05
1.539470000000000000e+05
1.539630000000000000e+05
1.539790000000000000e+05
1.539950000000000000e+05
1.540120000000000000e+05
1.540460000000000000e+05
1.540630000000000000e+05
1.540880000000000000e+05
1.541130000000000000e+05
1.541290000000000000e+05
1.541450000000000000e+05
1.541630000000000000e+05
1.541800000000000000e+05
1.542000000000000000e+05
1.542150000000000000e+05
1.542290000000000000e+05
1.542470000000000000e+05
1.542650000000000000e+05
1.542810000000000000e+05
1.542980000000000000e+05
1.543160000000000000e+05
1.543320000000000000e+05
1.543480000000000000e+05
1.543630000000000000e+05
1.543830000000000000e+05
1.543990000000000000e+05
1.544270000000000000e+05
1.544370000000000000e+05
1.544700000000000000e+05
1.544830000000000000e+05
1.544990000000000000e+05
1.545160000000000000e+05
1.545500000000000000e+05
1.545650000000000000e+05
1.545830000000000000e+05
1.546020000000000000e+05
1.546150000000000000e+05
1.546320000000000000e+05
1.546510000000000000e+05
1.546670000000000000e+05
1.546830000000000000e+05
1.547010000000000000e+05
1.547340000000000000e+05
1.547510000000000000e+05
1.547700000000000000e+05
1.548000000000000000e+05
1.548190000000000000e+05
1.548340000000000000e+05
1.548580000000000000e+05
1.548750000000000000e+05
1.549590000000000000e+05
1.549770000000000000e+05
1.549930000000000000e+05
1.550250000000000000e+05
1.550410000000000000e+05
1.551270000000000000e+05
1.553920000000000000e+05
1.555980000000000000e+05
1.557610000000000000e+05
1.557760000000000000e+05
1.558090000000000000e+05
1.558270000000000000e+05
1.558430000000000000e+05
1.558600000000000000e+05
1.558770000000000000e+05
1.558920000000000000e+05
1.559110000000000000e+05
1.559270000000000000e+05
1.559440000000000000e+05
1.559690000000000000e+05
1.559820000000000000e+05
1.560130000000000000e+05
1.560320000000000000e+05
1.560460000000000000e+05
1.560620000000000000e+05
1.560780000000000000e+05
1.560960000000000000e+05
1.561110000000000000e+05
1.561310000000000000e+05
1.561500000000000000e+05
1.561620000000000000e+05
1.561790000000000000e+05
1.561940000000000000e+05
1.562150000000000000e+05
1.562290000000000000e+05
1.562480000000000000e+05
1.562680000000000000e+05
1.562980000000000000e+05
1.563140000000000000e+05
1.563320000000000000e+05
1.563500000000000000e+05
1.563860000000000000e+05
1.563990000000000000e+05
1.564150000000000000e+05
1.564300000000000000e+05
1.564510000000000000e+05
1.564650000000000000e+05
1.564800000000000000e+05
1.564980000000000000e+05
1.565160000000000000e+05
1.565310000000000000e+05
1.565480000000000000e+05
1.565650000000000000e+05
1.565990000000000000e+05
1.566150000000000000e+05
1.566320000000000000e+05
1.566470000000000000e+05
1.566680000000000000e+05
1.566820000000000000e+05
1.567170000000000000e+05
1.567320000000000000e+05
1.567440000000000000e+05
1.567580000000000000e+05
1.567730000000000000e+05
1.567850000000000000e+05
1.568180000000000000e+05
1.568330000000000000e+05
1.568510000000000000e+05
1.568740000000000000e+05
1.568910000000000000e+05
1.569090000000000000e+05
1.569260000000000000e+05
1.571420000000000000e+05
1.571580000000000000e+05
1.571790000000000000e+05
1.571930000000000000e+05
1.572080000000000000e+05
1.572440000000000000e+05
1.572590000000000000e+05
1.574920000000000000e+05
1.575090000000000000e+05
1.576240000000000000e+05
1.576420000000000000e+05
1.576600000000000000e+05
1.576760000000000000e+05
1.576920000000000000e+05
1.577080000000000000e+05
1.577230000000000000e+05
1.577440000000000000e+05
1.577600000000000000e+05
1.577760000000000000e+05
1.577920000000000000e+05
1.578080000000000000e+05
1.578260000000000000e+05
1.578410000000000000e+05
1.578580000000000000e+05
1.578780000000000000e+05
1.578940000000000000e+05
1.579100000000000000e+05
1.579270000000000000e+05
1.579460000000000000e+05
1.579610000000000000e+05
1.579770000000000000e+05
1.579920000000000000e+05
1.580090000000000000e+05
1.580270000000000000e+05
1.580440000000000000e+05
1.580690000000000000e+05
1.580920000000000000e+05
1.581130000000000000e+05
1.581280000000000000e+05
1.581480000000000000e+05
1.581620000000000000e+05
1.581770000000000000e+05
1.581940000000000000e+05
1.582160000000000000e+05
1.582360000000000000e+05
1.582620000000000000e+05
1.582790000000000000e+05
1.582950000000000000e+05
1.583150000000000000e+05
1.583300000000000000e+05
1.583480000000000000e+05
1.583620000000000000e+05
1.583800000000000000e+05
1.584010000000000000e+05
1.584160000000000000e+05
1.584310000000000000e+05
1.584500000000000000e+05
1.584650000000000000e+05
1.584800000000000000e+05
1.584970000000000000e+05
1.585130000000000000e+05
1.585360000000000000e+05
1.585460000000000000e+05
1.585650000000000000e+05
1.586300000000000000e+05
1.586480000000000000e+05
1.586650000000000000e+05
1.586810000000000000e+05
1.587010000000000000e+05
1.587140000000000000e+05
1.588760000000000000e+05
1.589420000000000000e+05
1.589750000000000000e+05
1.590100000000000000e+05
1.590760000000000000e+05
1.591280000000000000e+05
1.591590000000000000e+05
1.591730000000000000e+05
1.591900000000000000e+05
1.592070000000000000e+05
1.592260000000000000e+05
1.592420000000000000e+05
1.592750000000000000e+05
1.592920000000000000e+05
1.595050000000000000e+05
1.596570000000000000e+05
1.596780000000000000e+05
1.596940000000000000e+05
1.597080000000000000e+05
1.597240000000000000e+05
1.597410000000000000e+05
1.597590000000000000e+05
1.597750000000000000e+05
1.597920000000000000e+05
1.598070000000000000e+05
1.598360000000000000e+05
1.598470000000000000e+05
1.598590000000000000e+05
1.598750000000000000e+05
1.599090000000000000e+05
1.599330000000000000e+05
1.599590000000000000e+05
1.599780000000000000e+05
1.599920000000000000e+05
1.600090000000000000e+05
1.600280000000000000e+05
1.600440000000000000e+05
1.600600000000000000e+05
1.600770000000000000e+05
1.600930000000000000e+05
1.601100000000000000e+05
1.601270000000000000e+05
1.601440000000000000e+05
1.601600000000000000e+05
1.601750000000000000e+05
1.601920000000000000e+05
1.602120000000000000e+05
1.602340000000000000e+05
1.602470000000000000e+05
1.602630000000000000e+05
1.602780000000000000e+05
1.602940000000000000e+05
1.603120000000000000e+05
1.603290000000000000e+05
1.603460000000000000e+05
1.603620000000000000e+05
1.603810000000000000e+05
1.603960000000000000e+05
1.604120000000000000e+05
1.604300000000000000e+05
1.604460000000000000e+05
1.604630000000000000e+05
1.604800000000000000e+05
1.604950000000000000e+05
1.605160000000000000e+05
1.605300000000000000e+05
1.605460000000000000e+05
1.605630000000000000e+05
1.605830000000000000e+05
1.606130000000000000e+05
1.606490000000000000e+05
1.606630000000000000e+05
1.606800000000000000e+05
1.607130000000000000e+05
1.607320000000000000e+05
1.607470000000000000e+05
1.607760000000000000e+05
1.608580000000000000e+05
1.610890000000000000e+05
1.611580000000000000e+05
1.611740000000000000e+05
1.611910000000000000e+05
1.612050000000000000e+05
1.612240000000000000e+05
1.612400000000000000e+05
1.612570000000000000e+05
1.612740000000000000e+05
1.612920000000000000e+05
1.613060000000000000e+05
1.613230000000000000e+05
1.613570000000000000e+05
1.613910000000000000e+05
1.614080000000000000e+05
1.614250000000000000e+05
1.614400000000000000e+05
1.614570000000000000e+05
1.614750000000000000e+05
1.615050000000000000e+05
1.615220000000000000e+05
1.615420000000000000e+05
1.615580000000000000e+05
1.615740000000000000e+05
1.615900000000000000e+05
1.616060000000000000e+05
1.616230000000000000e+05
1.616400000000000000e+05
1.616590000000000000e+05
1.616780000000000000e+05
1.617060000000000000e+05
1.617260000000000000e+05
1.617410000000000000e+05
1.617570000000000000e+05
1.617730000000000000e+05
1.617910000000000000e+05
1.618060000000000000e+05
1.618600000000000000e+05
1.618720000000000000e+05
1.618910000000000000e+05
1.619060000000000000e+05
1.619240000000000000e+05
1.619460000000000000e+05
1.619570000000000000e+05
1.619690000000000000e+05
1.619810000000000000e+05
1.620070000000000000e+05
1.620280000000000000e+05
1.620430000000000000e+05
1.620590000000000000e+05
1.620760000000000000e+05
1.620920000000000000e+05
1.621080000000000000e+05
1.621250000000000000e+05
1.621440000000000000e+05
1.621620000000000000e+05
1.622100000000000000e+05
1.622280000000000000e+05
1.622470000000000000e+05
1.622790000000000000e+05
1.622950000000000000e+05
1.623110000000000000e+05
1.623260000000000000e+05
1.623450000000000000e+05
1.623780000000000000e+05
1.624010000000000000e+05
1.624130000000000000e+05
1.624270000000000000e+05
1.624440000000000000e+05
1.624610000000000000e+05
1.624810000000000000e+05
1.624960000000000000e+05
1.629380000000000000e+05
1.629550000000000000e+05
1.630230000000000000e+05
1.632080000000000000e+05
1.632880000000000000e+05
1.633070000000000000e+05
1.633240000000000000e+05
1.633390000000000000e+05
1.633570000000000000e+05
1.633730000000000000e+05
1.633890000000000000e+05
1.634060000000000000e+05
1.634230000000000000e+05
1.634390000000000000e+05
1.634580000000000000e+05
1.634730000000000000e+05
1.635420000000000000e+05
1.635550000000000000e+05
1.635740000000000000e+05
1.635910000000000000e+05
1.636070000000000000e+05
1.636230000000000000e+05
1.636400000000000000e+05
1.636770000000000000e+05
1.636900000000000000e+05
1.637090000000000000e+05
1.637230000000000000e+05
1.637400000000000000e+05
1.637560000000000000e+05
1.637710000000000000e+05
1.637890000000000000e+05
1.638060000000000000e+05
1.638240000000000000e+05
1.638410000000000000e+05
1.638580000000000000e+05
1.638760000000000000e+05
1.638940000000000000e+05
1.639080000000000000e+05
1.639240000000000000e+05
1.639400000000000000e+05
1.639560000000000000e+05
1.639720000000000000e+05
1.639900000000000000e+05
1.640070000000000000e+05
1.640240000000000000e+05
1.640390000000000000e+05
1.640600000000000000e+05
1.640750000000000000e+05
1.640930000000000000e+05
1.641090000000000000e+05
1.641240000000000000e+05
1.641440000000000000e+05
1.641590000000000000e+05
1.641800000000000000e+05
1.641920000000000000e+05
1.642090000000000000e+05
1.642440000000000000e+05
1.642600000000000000e+05
1.642770000000000000e+05
1.642920000000000000e+05
1.643100000000000000e+05
1.643290000000000000e+05
1.643460000000000000e+05
1.643750000000000000e+05
1.643940000000000000e+05
1.644110000000000000e+05
1.644260000000000000e+05
1.644430000000000000e+05
1.644620000000000000e+05
1.644780000000000000e+05
1.645550000000000000e+05
1.645790000000000000e+05
1.645920000000000000e+05
1.648370000000000000e+05
1.648880000000000000e+05
1.651370000000000000e+05
1.652410000000000000e+05
1.654030000000000000e+05
1.654890000000000000e+05
1.655050000000000000e+05
1.655220000000000000e+05
1.655380000000000000e+05
1.655540000000000000e+05
1.655710000000000000e+05
1.655900000000000000e+05
1.656060000000000000e+05
1.656220000000000000e+05
1.656390000000000000e+05
1.656550000000000000e+05
1.656730000000000000e+05
1.656870000000000000e+05
1.657070000000000000e+05
1.657240000000000000e+05
1.657390000000000000e+05
1.657550000000000000e+05
1.657730000000000000e+05
1.657890000000000000e+05
1.658060000000000000e+05
1.658220000000000000e+05
1.658390000000000000e+05
1.658550000000000000e+05
1.658710000000000000e+05
1.658900000000000000e+05
1.659220000000000000e+05
1.659400000000000000e+05
1.659560000000000000e+05
1.659730000000000000e+05
1.659880000000000000e+05
1.660240000000000000e+05
1.660400000000000000e+05
1.660580000000000000e+05
1.660740000000000000e+05
1.660900000000000000e+05
1.661070000000000000e+05
1.661230000000000000e+05
1.661430000000000000e+05
1.661580000000000000e+05
1.661740000000000000e+05
1.661900000000000000e+05
1.662090000000000000e+05
1.662240000000000000e+05
1.662400000000000000e+05
1.662570000000000000e+05
1.662770000000000000e+05
1.662960000000000000e+05
1.663090000000000000e+05
1.663260000000000000e+05
1.663420000000000000e+05
1.663590000000000000e+05
1.663780000000000000e+05
1.663930000000000000e+05
1.664260000000000000e+05
1.664440000000000000e+05
1.664610000000000000e+05
1.664780000000000000e+05
1.664930000000000000e+05
1.665280000000000000e+05
1.665440000000000000e+05
1.665620000000000000e+05
1.665810000000000000e+05
1.666110000000000000e+05
1.666960000000000000e+05
1.667130000000000000e+05
1.667290000000000000e+05
1.667550000000000000e+05
1.667750000000000000e+05
1.668010000000000000e+05
1.668120000000000000e+05
1.668280000000000000e+05
1.668460000000000000e+05
1.675220000000000000e+05
1.676710000000000000e+05
1.676880000000000000e+05
1.677380000000000000e+05
1.677520000000000000e+05
1.677740000000000000e+05
1.677960000000000000e+05
1.678080000000000000e+05
1.678360000000000000e+05
1.678530000000000000e+05
1.678720000000000000e+05
1.678870000000000000e+05
1.679030000000000000e+05
1.679210000000000000e+05
1.679440000000000000e+05
1.679560000000000000e+05
1.679720000000000000e+05
1.679880000000000000e+05
1.680070000000000000e+05
1.680220000000000000e+05
1.680400000000000000e+05
1.680570000000000000e+05
1.680740000000000000e+05
1.680920000000000000e+05
1.681050000000000000e+05
1.681230000000000000e+05
1.681420000000000000e+05
1.681570000000000000e+05
1.681750000000000000e+05
1.681910000000000000e+05
1.682080000000000000e+05
1.682230000000000000e+05
1.682420000000000000e+05
1.682580000000000000e+05
1.682760000000000000e+05
1.682910000000000000e+05
1.683060000000000000e+05
1.683240000000000000e+05
1.683400000000000000e+05
1.683620000000000000e+05
1.683750000000000000e+05
1.683920000000000000e+05
1.684090000000000000e+05
1.684240000000000000e+05
1.684430000000000000e+05
1.684630000000000000e+05
1.684820000000000000e+05
1.685100000000000000e+05
1.685240000000000000e+05
1.685420000000000000e+05
1.685600000000000000e+05
1.685770000000000000e+05
1.686090000000000000e+05
1.686260000000000000e+05
1.686610000000000000e+05
1.686780000000000000e+05
1.686950000000000000e+05
1.687090000000000000e+05
1.687280000000000000e+05
1.687610000000000000e+05
1.687760000000000000e+05
1.687970000000000000e+05
1.688100000000000000e+05
1.688290000000000000e+05
1.688450000000000000e+05
1.688700000000000000e+05
1.689540000000000000e+05
1.689880000000000000e+05
1.690040000000000000e+05
1.690210000000000000e+05
1.693670000000000000e+05
1.694540000000000000e+05
1.695370000000000000e+05
1.695730000000000000e+05
1.697060000000000000e+05
1.697230000000000000e+05
1.697530000000000000e+05
1.697710000000000000e+05
1.697870000000000000e+05
1.698010000000000000e+05
1.698220000000000000e+05
1.698380000000000000e+05
1.698550000000000000e+05
1.698740000000000000e+05
1.698880000000000000e+05
1.699080000000000000e+05
1.699220000000000000e+05
1.699380000000000000e+05
1.699550000000000000e+05
1.699730000000000000e+05
1.699910000000000000e+05
1.700070000000000000e+05
1.700210000000000000e+05
1.700380000000000000e+05
1.700530000000000000e+05
1.700720000000000000e+05
1.700900000000000000e+05
1.701120000000000000e+05
1.701240000000000000e+05
1.701400000000000000e+05
1.701590000000000000e+05
1.701770000000000000e+05
1.701900000000000000e+05
1.702070000000000000e+05
1.702230000000000000e+05
1.702390000000000000e+05
1.702570000000000000e+05
1.702740000000000000e+05
1.702910000000000000e+05
1.703070000000000000e+05
1.703240000000000000e+05
1.703410000000000000e+05
1.703570000000000000e+05
1.703740000000000000e+05
1.703910000000000000e+05
1.704090000000000000e+05
1.704280000000000000e+05
1.704420000000000000e+05
1.704580000000000000e+05
1.704750000000000000e+05
1.704940000000000000e+05
1.705090000000000000e+05
1.705240000000000000e+05
1.705420000000000000e+05
1.705810000000000000e+05
1.705910000000000000e+05
1.706080000000000000e+05
1.706590000000000000e+05
1.706740000000000000e+05
1.706910000000000000e+05
1.707250000000000000e+05
1.707430000000000000e+05
1.707610000000000000e+05
1.707940000000000000e+05
1.708260000000000000e+05
1.708440000000000000e+05
1.708610000000000000e+05
1.708760000000000000e+05
1.708970000000000000e+05
1.709150000000000000e+05
1.709280000000000000e+05
1.709520000000000000e+05
1.710690000000000000e+05
1.710860000000000000e+05
1.711190000000000000e+05
1.711400000000000000e+05
1.711700000000000000e+05
1.711840000000000000e+05
1.712030000000000000e+05
1.712200000000000000e+05
1.713390000000000000e+05
1.713520000000000000e+05
1.713850000000000000e+05
1.714400000000000000e+05
1.714700000000000000e+05
1.716170000000000000e+05
1.716350000000000000e+05
1.716520000000000000e+05
1.717180000000000000e+05
1.718700000000000000e+05
1.718860000000000000e+05
1.720200000000000000e+05
1.720390000000000000e+05
1.720720000000000000e+05
1.720860000000000000e+05
1.721020000000000000e+05
1.721190000000000000e+05
1.721320000000000000e+05
1.721460000000000000e+05
1.721700000000000000e+05
1.721890000000000000e+05
1.722030000000000000e+05
1.722210000000000000e+05
1.722400000000000000e+05
1.722570000000000000e+05
1.722760000000000000e+05
