7.739910000000000000e+05
7.740230000000000000e+05
7.740710000000000000e+05
7.740880000000000000e+05
7.741050000000000000e+05
7.741220000000000000e+05
7.741400000000000000e+05
7.741880000000000000e+05
7.742080000000000000e+05
7.742230000000000000e+05
7.742380000000000000e+05
7.742750000000000000e+05
7.743060000000000000e+05
7.743230000000000000e+05
7.743380000000000000e+05
7.743720000000000000e+05
7.743900000000000000e+05
7.744070000000000000e+05
7.744220000000000000e+05
7.744400000000000000e+05
7.744610000000000000e+05
7.744910000000000000e+05
7.745060000000000000e+05
7.745250000000000000e+05
7.745430000000000000e+05
7.745620000000000000e+05
7.745960000000000000e+05
7.746090000000000000e+05
7.746250000000000000e+05
7.746430000000000000e+05
7.746740000000000000e+05
7.746930000000000000e+05
7.747090000000000000e+05
7.747270000000000000e+05
7.747470000000000000e+05
7.747600000000000000e+05
7.747760000000000000e+05
7.747930000000000000e+05
7.748440000000000000e+05
7.748600000000000000e+05
7.748760000000000000e+05
7.748940000000000000e+05
7.749100000000000000e+05
7.749270000000000000e+05
7.749600000000000000e+05
7.749770000000000000e+05
7.749940000000000000e+05
7.750110000000000000e+05
7.750310000000000000e+05
7.750450000000000000e+05
7.750610000000000000e+05
7.751290000000000000e+05
7.751890000000000000e+05
7.752030000000000000e+05
7.752280000000000000e+05
7.752430000000000000e+05
7.753070000000000000e+05
7.753220000000000000e+05
7.753390000000000000e+05
7.753540000000000000e+05
7.753710000000000000e+05
7.754000000000000000e+05
7.754130000000000000e+05
7.754450000000000000e+05
7.754570000000000000e+05
7.754730000000000000e+05
7.755030000000000000e+05
7.755220000000000000e+05
7.755550000000000000e+05
7.755800000000000000e+05
7.756020000000000000e+05
7.756130000000000000e+05
7.756350000000000000e+05
7.756470000000000000e+05
7.756760000000000000e+05
7.757050000000000000e+05
7.757230000000000000e+05
7.757540000000000000e+05
7.757760000000000000e+05
7.757920000000000000e+05
7.758210000000000000e+05
7.758360000000000000e+05
7.758550000000000000e+05
7.759030000000000000e+05
7.759390000000000000e+05
7.759520000000000000e+05
7.759720000000000000e+05
7.759890000000000000e+05
7.760230000000000000e+05
7.760390000000000000e+05
7.760870000000000000e+05
7.761040000000000000e+05
7.761190000000000000e+05
7.761390000000000000e+05
7.761890000000000000e+05
7.762610000000000000e+05
7.762720000000000000e+05
7.763060000000000000e+05
7.763210000000000000e+05
7.763420000000000000e+05
7.763540000000000000e+05
7.763720000000000000e+05
7.764290000000000000e+05
7.764410000000000000e+05
7.764590000000000000e+05
7.765230000000000000e+05
7.765410000000000000e+05
7.765590000000000000e+05
7.765860000000000000e+05
7.766140000000000000e+05
7.766490000000000000e+05
7.766640000000000000e+05
7.766810000000000000e+05
7.767030000000000000e+05
7.767160000000000000e+05
7.767410000000000000e+05
7.767740000000000000e+05
7.767940000000000000e+05
7.768080000000000000e+05
7.768260000000000000e+05
7.768420000000000000e+05
7.768600000000000000e+05
7.768770000000000000e+05
7.769300000000000000e+05
7.769420000000000000e+05
7.769610000000000000e+05
7.769760000000000000e+05
7.769940000000000000e+05
7.770110000000000000e+05
7.770440000000000000e+05
7.770620000000000000e+05
7.770790000000000000e+05
7.771120000000000000e+05
7.771330000000000000e+05
7.771490000000000000e+05
7.771790000000000000e+05
7.771940000000000000e+05
7.772120000000000000e+05
7.772280000000000000e+05
7.772480000000000000e+05
7.772640000000000000e+05
7.772760000000000000e+05
7.773040000000000000e+05
7.773530000000000000e+05
7.773710000000000000e+05
7.773860000000000000e+05
7.774020000000000000e+05
7.774350000000000000e+05
7.774550000000000000e+05
7.774870000000000000e+05
7.775050000000000000e+05
7.775230000000000000e+05
7.775380000000000000e+05
7.775550000000000000e+05
7.775870000000000000e+05
7.776040000000000000e+05
7.776390000000000000e+05
7.776540000000000000e+05
7.776690000000000000e+05
7.776870000000000000e+05
7.777210000000000000e+05
7.777510000000000000e+05
7.777700000000000000e+05
7.777860000000000000e+05
7.778200000000000000e+05
7.778390000000000000e+05
7.778520000000000000e+05
7.778710000000000000e+05
7.779040000000000000e+05
7.779270000000000000e+05
7.779390000000000000e+05
7.779700000000000000e+05
7.779860000000000000e+05
7.780040000000000000e+05
7.780250000000000000e+05
7.780360000000000000e+05
7.780700000000000000e+05
7.780890000000000000e+05
7.781190000000000000e+05
7.781370000000000000e+05
7.781540000000000000e+05
7.781700000000000000e+05
7.782020000000000000e+05
7.782180000000000000e+05
7.782460000000000000e+05
7.782710000000000000e+05
7.782870000000000000e+05
7.783230000000000000e+05
7.783370000000000000e+05
7.783550000000000000e+05
7.783710000000000000e+05
7.783870000000000000e+05
7.784220000000000000e+05
7.784400000000000000e+05
7.784540000000000000e+05
7.784720000000000000e+05
7.784880000000000000e+05
7.785230000000000000e+05
7.785380000000000000e+05
7.785580000000000000e+05
7.785730000000000000e+05
7.785890000000000000e+05
7.786060000000000000e+05
7.786400000000000000e+05
7.786560000000000000e+05
7.786750000000000000e+05
7.786900000000000000e+05
7.787230000000000000e+05
7.787430000000000000e+05
7.787580000000000000e+05
7.787750000000000000e+05
7.788100000000000000e+05
7.788270000000000000e+05
7.788580000000000000e+05
7.788750000000000000e+05
7.788960000000000000e+05
7.789100000000000000e+05
7.790110000000000000e+05
7.790320000000000000e+05
7.790630000000000000e+05
7.790770000000000000e+05
7.790940000000000000e+05
7.791140000000000000e+05
7.791430000000000000e+05
7.791600000000000000e+05
7.791810000000000000e+05
7.791970000000000000e+05
7.792320000000000000e+05
7.792470000000000000e+05
7.792650000000000000e+05
7.792830000000000000e+05
7.793090000000000000e+05
7.793230000000000000e+05
7.793410000000000000e+05
7.793690000000000000e+05
7.793850000000000000e+05
7.794030000000000000e+05
7.794550000000000000e+05
7.794700000000000000e+05
7.794850000000000000e+05
7.795220000000000000e+05
7.795370000000000000e+05
7.795530000000000000e+05
7.795710000000000000e+05
7.796010000000000000e+05
7.796160000000000000e+05
7.796420000000000000e+05
7.796610000000000000e+05
7.796720000000000000e+05
7.797180000000000000e+05
7.797340000000000000e+05
7.797510000000000000e+05
7.797680000000000000e+05
7.797870000000000000e+05
7.798190000000000000e+05
7.798350000000000000e+05
7.798680000000000000e+05
7.798840000000000000e+05
7.799230000000000000e+05
7.799530000000000000e+05
7.799700000000000000e+05
7.799850000000000000e+05
7.800180000000000000e+05
7.800360000000000000e+05
7.800530000000000000e+05
7.800840000000000000e+05
7.801010000000000000e+05
7.801240000000000000e+05
7.801390000000000000e+05
7.801500000000000000e+05
7.801850000000000000e+05
7.802010000000000000e+05
7.802260000000000000e+05
7.802650000000000000e+05
7.802780000000000000e+05
7.802930000000000000e+05
7.803040000000000000e+05
7.803210000000000000e+05
7.803400000000000000e+05
7.803720000000000000e+05
7.803860000000000000e+05
7.804040000000000000e+05
7.804240000000000000e+05
7.804590000000000000e+05
7.804700000000000000e+05
7.805030000000000000e+05
7.805310000000000000e+05
7.805460000000000000e+05
7.805700000000000000e+05
7.806010000000000000e+05
7.806150000000000000e+05
7.806350000000000000e+05
7.806730000000000000e+05
7.806900000000000000e+05
7.807080000000000000e+05
7.807400000000000000e+05
7.807740000000000000e+05
7.808210000000000000e+05
7.808320000000000000e+05
7.808680000000000000e+05
7.808810000000000000e+05
7.809590000000000000e+05
7.810170000000000000e+05
7.810350000000000000e+05
7.810470000000000000e+05
7.810800000000000000e+05
7.810920000000000000e+05
7.811080000000000000e+05
7.811280000000000000e+05
7.811460000000000000e+05
7.811730000000000000e+05
7.811860000000000000e+05
7.812550000000000000e+05
7.812680000000000000e+05
7.812900000000000000e+05
7.813150000000000000e+05
7.813370000000000000e+05
7.813750000000000000e+05
7.813890000000000000e+05
7.814010000000000000e+05
7.814360000000000000e+05
7.814530000000000000e+05
7.814790000000000000e+05
7.814950000000000000e+05
7.815200000000000000e+05
7.815360000000000000e+05
7.815690000000000000e+05
7.816250000000000000e+05
7.816460000000000000e+05
7.816660000000000000e+05
7.816870000000000000e+05
7.817000000000000000e+05
7.817330000000000000e+05
7.817630000000000000e+05
7.817930000000000000e+05
7.818080000000000000e+05
7.818250000000000000e+05
7.818540000000000000e+05
7.819180000000000000e+05
7.819490000000000000e+05
7.820000000000000000e+05
7.820210000000000000e+05
7.820560000000000000e+05
7.820680000000000000e+05
7.820850000000000000e+05
7.821020000000000000e+05
7.821340000000000000e+05
7.821520000000000000e+05
7.822050000000000000e+05
7.822350000000000000e+05
7.822510000000000000e+05
7.822680000000000000e+05
7.822870000000000000e+05
7.823110000000000000e+05
7.823420000000000000e+05
7.823680000000000000e+05
7.823860000000000000e+05
7.824030000000000000e+05
7.824190000000000000e+05
7.824760000000000000e+05
7.824990000000000000e+05
7.825110000000000000e+05
7.825720000000000000e+05
7.825900000000000000e+05
7.826160000000000000e+05
7.826340000000000000e+05
7.826470000000000000e+05
7.826890000000000000e+05
7.827250000000000000e+05
7.827390000000000000e+05
7.827600000000000000e+05
7.828230000000000000e+05
7.828420000000000000e+05
7.828770000000000000e+05
7.828890000000000000e+05
7.829230000000000000e+05
7.829430000000000000e+05
7.829790000000000000e+05
7.829940000000000000e+05
7.830080000000000000e+05
7.830260000000000000e+05
7.830400000000000000e+05
7.830580000000000000e+05
7.830740000000000000e+05
7.831250000000000000e+05
7.831450000000000000e+05
7.831580000000000000e+05
7.831880000000000000e+05
7.832010000000000000e+05
7.832170000000000000e+05
7.832330000000000000e+05
7.832610000000000000e+05
7.832770000000000000e+05
7.832910000000000000e+05
7.833270000000000000e+05
7.833530000000000000e+05
7.833790000000000000e+05
7.833920000000000000e+05
7.834020000000000000e+05
7.834670000000000000e+05
7.834910000000000000e+05
7.835050000000000000e+05
7.835160000000000000e+05
7.835320000000000000e+05
7.835890000000000000e+05
7.836250000000000000e+05
7.836700000000000000e+05
7.836900000000000000e+05
7.837240000000000000e+05
7.837440000000000000e+05
7.837570000000000000e+05
7.837840000000000000e+05
7.838010000000000000e+05
7.838180000000000000e+05
7.838520000000000000e+05
7.838680000000000000e+05
7.838860000000000000e+05
7.839390000000000000e+05
7.839560000000000000e+05
7.840040000000000000e+05
7.840200000000000000e+05
7.840350000000000000e+05
7.840850000000000000e+05
7.841040000000000000e+05
7.841370000000000000e+05
7.841490000000000000e+05
7.842030000000000000e+05
7.842220000000000000e+05
7.842390000000000000e+05
7.842590000000000000e+05
7.842710000000000000e+05
7.842890000000000000e+05
7.843020000000000000e+05
7.843210000000000000e+05
7.843550000000000000e+05
7.843740000000000000e+05
7.843910000000000000e+05
7.844020000000000000e+05
7.844660000000000000e+05
7.845220000000000000e+05
7.845370000000000000e+05
7.845970000000000000e+05
7.846380000000000000e+05
7.846550000000000000e+05
7.846870000000000000e+05
7.847070000000000000e+05
7.847300000000000000e+05
7.847570000000000000e+05
7.847720000000000000e+05
7.847900000000000000e+05
7.848580000000000000e+05
7.848740000000000000e+05
7.849050000000000000e+05
7.849210000000000000e+05
7.849440000000000000e+05
7.850080000000000000e+05
7.850230000000000000e+05
7.850400000000000000e+05
7.850600000000000000e+05
7.851140000000000000e+05
7.851290000000000000e+05
7.851470000000000000e+05
7.851580000000000000e+05
7.851930000000000000e+05
7.852140000000000000e+05
7.852260000000000000e+05
7.852380000000000000e+05
7.852850000000000000e+05
7.853580000000000000e+05
7.853830000000000000e+05
7.854230000000000000e+05
7.854500000000000000e+05
7.854670000000000000e+05
7.854840000000000000e+05
7.855700000000000000e+05
7.856020000000000000e+05
7.856160000000000000e+05
7.856860000000000000e+05
7.857180000000000000e+05
7.857340000000000000e+05
7.857500000000000000e+05
7.857650000000000000e+05
7.858000000000000000e+05
7.858150000000000000e+05
7.858360000000000000e+05
7.858830000000000000e+05
7.859010000000000000e+05
7.859170000000000000e+05
7.859330000000000000e+05
7.859500000000000000e+05
7.859700000000000000e+05
7.860170000000000000e+05
7.860340000000000000e+05
7.860520000000000000e+05
7.860850000000000000e+05
7.861540000000000000e+05
7.861660000000000000e+05
7.861890000000000000e+05
7.862160000000000000e+05
7.862400000000000000e+05
7.862530000000000000e+05
7.862690000000000000e+05
7.862860000000000000e+05
7.863350000000000000e+05
7.863680000000000000e+05
7.863880000000000000e+05
7.864030000000000000e+05
7.864170000000000000e+05
7.864420000000000000e+05
7.864780000000000000e+05
7.864920000000000000e+05
7.865070000000000000e+05
7.865200000000000000e+05
7.865750000000000000e+05
7.866390000000000000e+05
7.866570000000000000e+05
7.866880000000000000e+05
7.867050000000000000e+05
7.867240000000000000e+05
7.867600000000000000e+05
7.867720000000000000e+05
7.867870000000000000e+05
7.868060000000000000e+05
7.868210000000000000e+05
7.868550000000000000e+05
7.868720000000000000e+05
7.869040000000000000e+05
7.869230000000000000e+05
7.869730000000000000e+05
7.869990000000000000e+05
7.870120000000000000e+05
7.870760000000000000e+05
7.871250000000000000e+05
7.871580000000000000e+05
7.871740000000000000e+05
7.871970000000000000e+05
7.872250000000000000e+05
7.872400000000000000e+05
7.872570000000000000e+05
7.872760000000000000e+05
7.872940000000000000e+05
7.873230000000000000e+05
7.873340000000000000e+05
7.873510000000000000e+05
7.873830000000000000e+05
7.874000000000000000e+05
7.874190000000000000e+05
7.874370000000000000e+05
7.875280000000000000e+05
7.875430000000000000e+05
7.875570000000000000e+05
7.875810000000000000e+05
7.876470000000000000e+05
7.876640000000000000e+05
7.877030000000000000e+05
7.877340000000000000e+05
7.877490000000000000e+05
7.877650000000000000e+05
7.877920000000000000e+05
7.878170000000000000e+05
7.878520000000000000e+05
7.878650000000000000e+05
7.878820000000000000e+05
7.878990000000000000e+05
7.879940000000000000e+05
7.880060000000000000e+05
7.880360000000000000e+05
7.880490000000000000e+05
7.881340000000000000e+05
7.881480000000000000e+05
7.881660000000000000e+05
7.881810000000000000e+05
7.882010000000000000e+05
7.882320000000000000e+05
7.882540000000000000e+05
7.882840000000000000e+05
7.883060000000000000e+05
7.883200000000000000e+05
7.883320000000000000e+05
7.884220000000000000e+05
7.884340000000000000e+05
7.884510000000000000e+05
7.885210000000000000e+05
7.885410000000000000e+05
7.885570000000000000e+05
7.885690000000000000e+05
7.885830000000000000e+05
7.886020000000000000e+05
7.886250000000000000e+05
7.886620000000000000e+05
7.887040000000000000e+05
7.887180000000000000e+05
7.887820000000000000e+05
7.887990000000000000e+05
7.888330000000000000e+05
7.888560000000000000e+05
7.888710000000000000e+05
7.889040000000000000e+05
7.889210000000000000e+05
7.889440000000000000e+05
7.889720000000000000e+05
7.889880000000000000e+05
7.890050000000000000e+05
7.890460000000000000e+05
7.890620000000000000e+05
7.890880000000000000e+05
7.891050000000000000e+05
7.891220000000000000e+05
7.891560000000000000e+05
7.892120000000000000e+05
7.892280000000000000e+05
7.892870000000000000e+05
7.893080000000000000e+05
7.893270000000000000e+05
7.893520000000000000e+05
7.893680000000000000e+05
7.894340000000000000e+05
7.894490000000000000e+05
7.894830000000000000e+05
7.894990000000000000e+05
7.895170000000000000e+05
7.895490000000000000e+05
7.895670000000000000e+05
7.895980000000000000e+05
7.896140000000000000e+05
7.896310000000000000e+05
7.896670000000000000e+05
7.896880000000000000e+05
7.897050000000000000e+05
7.897200000000000000e+05
7.897470000000000000e+05
7.897640000000000000e+05
7.897820000000000000e+05
7.897990000000000000e+05
7.898260000000000000e+05
7.898480000000000000e+05
7.898600000000000000e+05
7.898870000000000000e+05
7.898980000000000000e+05
7.899150000000000000e+05
7.899650000000000000e+05
7.899840000000000000e+05
7.899990000000000000e+05
7.900140000000000000e+05
7.900500000000000000e+05
7.900650000000000000e+05
7.900820000000000000e+05
7.901110000000000000e+05
7.901260000000000000e+05
7.901740000000000000e+05
7.901870000000000000e+05
7.902370000000000000e+05
7.902670000000000000e+05
7.902980000000000000e+05
7.903330000000000000e+05
7.903810000000000000e+05
7.903990000000000000e+05
7.904220000000000000e+05
7.904550000000000000e+05
7.904730000000000000e+05
7.905030000000000000e+05
7.905190000000000000e+05
7.905500000000000000e+05
7.905700000000000000e+05
7.905900000000000000e+05
7.906220000000000000e+05
7.906410000000000000e+05
7.906590000000000000e+05
7.907440000000000000e+05
7.907870000000000000e+05
7.908000000000000000e+05
7.909370000000000000e+05
7.909580000000000000e+05
7.909730000000000000e+05
7.910320000000000000e+05
7.910420000000000000e+05
7.910530000000000000e+05
7.910760000000000000e+05
7.911070000000000000e+05
7.911430000000000000e+05
7.911550000000000000e+05
7.911700000000000000e+05
7.911920000000000000e+05
7.912130000000000000e+05
7.912370000000000000e+05
7.912640000000000000e+05
7.912770000000000000e+05
7.912910000000000000e+05
7.913140000000000000e+05
7.913310000000000000e+05
7.913460000000000000e+05
7.913650000000000000e+05
7.913840000000000000e+05
7.913990000000000000e+05
7.914260000000000000e+05
7.914410000000000000e+05
7.914710000000000000e+05
7.914830000000000000e+05
7.915070000000000000e+05
7.915370000000000000e+05
7.915490000000000000e+05
7.915660000000000000e+05
7.915970000000000000e+05
7.916970000000000000e+05
7.917140000000000000e+05
7.917310000000000000e+05
7.917460000000000000e+05
7.917620000000000000e+05
7.918240000000000000e+05
7.918510000000000000e+05
7.918690000000000000e+05
7.918980000000000000e+05
7.919130000000000000e+05
7.919500000000000000e+05
7.919650000000000000e+05
7.920350000000000000e+05
7.920490000000000000e+05
7.920840000000000000e+05
7.921340000000000000e+05
7.921750000000000000e+05
7.921880000000000000e+05
7.922150000000000000e+05
7.922740000000000000e+05
7.922870000000000000e+05
7.923040000000000000e+05
7.923180000000000000e+05
7.923480000000000000e+05
7.923640000000000000e+05
7.923920000000000000e+05
7.924140000000000000e+05
7.924390000000000000e+05
7.925470000000000000e+05
7.925670000000000000e+05
7.925790000000000000e+05
7.926880000000000000e+05
7.927100000000000000e+05
7.927350000000000000e+05
7.927570000000000000e+05
7.927700000000000000e+05
7.928040000000000000e+05
7.928230000000000000e+05
7.928370000000000000e+05
7.928690000000000000e+05
7.929670000000000000e+05
7.929790000000000000e+05
7.929950000000000000e+05
7.930340000000000000e+05
7.930500000000000000e+05
7.930690000000000000e+05
7.931250000000000000e+05
7.931430000000000000e+05
7.931530000000000000e+05
7.931870000000000000e+05
7.932360000000000000e+05
7.932530000000000000e+05
7.932690000000000000e+05
7.932810000000000000e+05
7.933110000000000000e+05
7.933220000000000000e+05
7.933390000000000000e+05
7.933510000000000000e+05
7.934280000000000000e+05
7.934450000000000000e+05
7.934670000000000000e+05
7.934800000000000000e+05
7.934950000000000000e+05
7.935130000000000000e+05
7.935500000000000000e+05
7.935700000000000000e+05
7.936250000000000000e+05
7.936520000000000000e+05
7.936680000000000000e+05
7.937320000000000000e+05
7.937640000000000000e+05
7.937800000000000000e+05
7.937970000000000000e+05
7.938170000000000000e+05
7.938470000000000000e+05
7.938790000000000000e+05
7.939170000000000000e+05
7.939390000000000000e+05
7.939990000000000000e+05
7.940140000000000000e+05
7.940310000000000000e+05
7.940450000000000000e+05
7.940630000000000000e+05
7.940870000000000000e+05
7.941150000000000000e+05
7.941420000000000000e+05
7.941650000000000000e+05
7.942180000000000000e+05
7.942740000000000000e+05
7.942890000000000000e+05
7.943160000000000000e+05
7.943320000000000000e+05
7.943690000000000000e+05
7.943870000000000000e+05
7.944030000000000000e+05
7.944340000000000000e+05
7.944650000000000000e+05
7.944810000000000000e+05
7.945180000000000000e+05
7.945360000000000000e+05
7.945500000000000000e+05
7.946090000000000000e+05
7.946270000000000000e+05
7.946530000000000000e+05
7.946660000000000000e+05
7.946790000000000000e+05
7.947510000000000000e+05
7.948070000000000000e+05
7.948190000000000000e+05
7.948510000000000000e+05
7.948670000000000000e+05
7.949050000000000000e+05
7.949790000000000000e+05
7.949920000000000000e+05
7.950010000000000000e+05
7.950190000000000000e+05
7.950840000000000000e+05
7.951180000000000000e+05
7.951410000000000000e+05
7.951570000000000000e+05
7.951820000000000000e+05
7.951960000000000000e+05
7.952430000000000000e+05
7.952710000000000000e+05
7.952870000000000000e+05
7.953160000000000000e+05
7.953290000000000000e+05
7.953560000000000000e+05
7.953890000000000000e+05
7.954010000000000000e+05
7.954240000000000000e+05
7.954320000000000000e+05
7.955140000000000000e+05
7.955290000000000000e+05
7.955450000000000000e+05
7.955640000000000000e+05
7.955800000000000000e+05
7.955980000000000000e+05
7.956310000000000000e+05
7.957160000000000000e+05
7.957610000000000000e+05
7.957780000000000000e+05
7.957950000000000000e+05
7.958130000000000000e+05
7.958300000000000000e+05
7.958610000000000000e+05
7.958860000000000000e+05
7.958990000000000000e+05
7.959110000000000000e+05
7.959280000000000000e+05
7.959480000000000000e+05
7.959810000000000000e+05
7.959950000000000000e+05
7.960480000000000000e+05
7.960810000000000000e+05
7.961070000000000000e+05
7.961310000000000000e+05
7.961530000000000000e+05
7.961690000000000000e+05
7.961810000000000000e+05
7.962100000000000000e+05
7.962310000000000000e+05
7.962520000000000000e+05
7.962790000000000000e+05
7.962970000000000000e+05
7.963110000000000000e+05
7.963290000000000000e+05
7.963620000000000000e+05
7.963850000000000000e+05
7.964080000000000000e+05
7.964220000000000000e+05
7.964360000000000000e+05
7.964630000000000000e+05
7.964900000000000000e+05
7.965110000000000000e+05
7.965330000000000000e+05
7.965480000000000000e+05
7.965820000000000000e+05
7.965970000000000000e+05
7.966180000000000000e+05
7.966340000000000000e+05
7.966490000000000000e+05
7.966810000000000000e+05
7.967170000000000000e+05
7.967320000000000000e+05
7.967700000000000000e+05
7.967890000000000000e+05
7.968010000000000000e+05
7.968160000000000000e+05
7.968330000000000000e+05
7.968500000000000000e+05
7.968680000000000000e+05
7.969270000000000000e+05
7.969520000000000000e+05
7.969850000000000000e+05
7.970010000000000000e+05
7.970740000000000000e+05
7.970960000000000000e+05
7.971220000000000000e+05
7.971350000000000000e+05
7.971670000000000000e+05
7.972020000000000000e+05
7.972200000000000000e+05
7.972390000000000000e+05
7.972550000000000000e+05
7.972690000000000000e+05
7.973030000000000000e+05
7.973650000000000000e+05
7.973800000000000000e+05
7.973970000000000000e+05
7.974110000000000000e+05
7.974270000000000000e+05
7.974600000000000000e+05
7.974780000000000000e+05
7.974920000000000000e+05
7.975200000000000000e+05
7.975350000000000000e+05
7.976070000000000000e+05
7.976190000000000000e+05
7.976530000000000000e+05
7.976690000000000000e+05
7.977450000000000000e+05
7.977610000000000000e+05
7.977780000000000000e+05
7.978050000000000000e+05
7.978230000000000000e+05
7.978520000000000000e+05
7.978790000000000000e+05
7.978970000000000000e+05
7.979160000000000000e+05
7.979310000000000000e+05
7.979480000000000000e+05
7.979610000000000000e+05
7.980270000000000000e+05
7.980490000000000000e+05
7.980880000000000000e+05
7.981080000000000000e+05
7.981230000000000000e+05
7.981470000000000000e+05
7.981630000000000000e+05
7.981900000000000000e+05
7.982070000000000000e+05
7.982310000000000000e+05
7.982610000000000000e+05
7.982780000000000000e+05
7.982950000000000000e+05
7.983280000000000000e+05
7.983430000000000000e+05
7.983550000000000000e+05
7.983800000000000000e+05
7.984850000000000000e+05
7.984960000000000000e+05
7.985120000000000000e+05
7.985310000000000000e+05
7.985490000000000000e+05
7.985670000000000000e+05
7.986550000000000000e+05
7.986690000000000000e+05
7.986820000000000000e+05
7.987130000000000000e+05
7.987500000000000000e+05
7.988010000000000000e+05
7.988160000000000000e+05
7.988320000000000000e+05
7.988670000000000000e+05
7.988830000000000000e+05
7.989060000000000000e+05
7.989160000000000000e+05
7.989500000000000000e+05
7.989670000000000000e+05
7.989880000000000000e+05
7.990180000000000000e+05
7.990330000000000000e+05
7.990490000000000000e+05
7.990750000000000000e+05
7.991290000000000000e+05
7.991410000000000000e+05
7.991850000000000000e+05
7.992100000000000000e+05
7.992210000000000000e+05
7.992510000000000000e+05
7.992800000000000000e+05
7.992940000000000000e+05
7.993050000000000000e+05
7.993210000000000000e+05
7.993400000000000000e+05
7.993720000000000000e+05
7.993880000000000000e+05
7.994120000000000000e+05
7.994700000000000000e+05
7.994840000000000000e+05
7.995210000000000000e+05
7.996410000000000000e+05
7.996540000000000000e+05
7.996760000000000000e+05
7.997100000000000000e+05
7.997970000000000000e+05
7.998100000000000000e+05
7.998270000000000000e+05
7.998600000000000000e+05
7.999270000000000000e+05
7.999600000000000000e+05
7.999790000000000000e+05
7.999990000000000000e+05
8.000460000000000000e+05
8.000640000000000000e+05
8.000940000000000000e+05
8.001120000000000000e+05
8.001650000000000000e+05
8.002140000000000000e+05
8.002330000000000000e+05
8.002640000000000000e+05
8.002850000000000000e+05
8.003120000000000000e+05
8.003270000000000000e+05
8.003820000000000000e+05
8.003970000000000000e+05
8.004140000000000000e+05
8.004300000000000000e+05
8.004610000000000000e+05
8.004810000000000000e+05
8.005140000000000000e+05
8.005360000000000000e+05
8.005530000000000000e+05
8.005670000000000000e+05
8.005830000000000000e+05
8.006140000000000000e+05
8.006320000000000000e+05
8.006660000000000000e+05
8.006810000000000000e+05
8.006970000000000000e+05
8.007130000000000000e+05
8.007310000000000000e+05
8.007630000000000000e+05
8.007940000000000000e+05
8.008180000000000000e+05
8.008330000000000000e+05
8.008650000000000000e+05
8.009010000000000000e+05
8.009340000000000000e+05
8.009500000000000000e+05
8.009670000000000000e+05
8.009810000000000000e+05
8.010000000000000000e+05
8.010170000000000000e+05
8.011830000000000000e+05
8.012080000000000000e+05
8.012190000000000000e+05
8.012530000000000000e+05
8.013460000000000000e+05
8.013610000000000000e+05
8.013800000000000000e+05
8.014300000000000000e+05
8.014400000000000000e+05
8.014730000000000000e+05
8.014840000000000000e+05
8.014970000000000000e+05
8.015110000000000000e+05
8.015270000000000000e+05
8.015610000000000000e+05
8.016250000000000000e+05
8.016840000000000000e+05
8.016990000000000000e+05
8.017170000000000000e+05
8.017450000000000000e+05
8.017590000000000000e+05
8.017750000000000000e+05
8.018100000000000000e+05
8.018290000000000000e+05
8.018630000000000000e+05
8.018790000000000000e+05
8.018910000000000000e+05
8.019130000000000000e+05
8.019330000000000000e+05
8.019760000000000000e+05
8.019930000000000000e+05
8.020100000000000000e+05
8.020250000000000000e+05
8.020450000000000000e+05
8.020770000000000000e+05
8.020960000000000000e+05
8.021100000000000000e+05
8.021260000000000000e+05
8.021420000000000000e+05
8.021960000000000000e+05
8.022200000000000000e+05
8.022700000000000000e+05
8.022870000000000000e+05
8.023010000000000000e+05
8.023270000000000000e+05
8.023430000000000000e+05
8.024110000000000000e+05
8.024260000000000000e+05
8.024520000000000000e+05
8.024850000000000000e+05
8.024980000000000000e+05
8.025150000000000000e+05
8.025330000000000000e+05
8.025590000000000000e+05
8.025810000000000000e+05
8.026110000000000000e+05
8.026460000000000000e+05
8.026610000000000000e+05
8.026780000000000000e+05
8.027000000000000000e+05
8.027300000000000000e+05
8.027890000000000000e+05
8.028140000000000000e+05
8.028490000000000000e+05
8.028660000000000000e+05
8.028980000000000000e+05
8.029220000000000000e+05
8.029320000000000000e+05
8.029810000000000000e+05
8.030010000000000000e+05
8.030150000000000000e+05
8.030510000000000000e+05
8.030630000000000000e+05
8.030810000000000000e+05
8.031660000000000000e+05
8.031800000000000000e+05
8.031940000000000000e+05
8.032330000000000000e+05
8.032510000000000000e+05
8.032710000000000000e+05
8.033010000000000000e+05
8.033180000000000000e+05
8.033380000000000000e+05
8.033540000000000000e+05
8.033780000000000000e+05
8.033930000000000000e+05
8.034100000000000000e+05
8.034200000000000000e+05
8.034580000000000000e+05
8.034760000000000000e+05
8.035040000000000000e+05
8.035860000000000000e+05
8.035970000000000000e+05
8.036100000000000000e+05
8.036760000000000000e+05
8.037300000000000000e+05
8.037710000000000000e+05
8.038160000000000000e+05
8.038480000000000000e+05
8.038600000000000000e+05
8.038750000000000000e+05
8.039260000000000000e+05
8.039920000000000000e+05
8.040140000000000000e+05
8.040680000000000000e+05
8.041260000000000000e+05
8.041570000000000000e+05
8.041780000000000000e+05
8.042070000000000000e+05
8.042250000000000000e+05
8.042470000000000000e+05
8.042970000000000000e+05
8.043250000000000000e+05
8.043490000000000000e+05
8.043640000000000000e+05
8.043780000000000000e+05
8.044110000000000000e+05
8.044340000000000000e+05
8.044530000000000000e+05
8.044690000000000000e+05
8.045490000000000000e+05
8.046540000000000000e+05
8.047140000000000000e+05
8.047500000000000000e+05
8.047630000000000000e+05
8.047800000000000000e+05
8.047970000000000000e+05
8.048310000000000000e+05
8.048450000000000000e+05
8.048650000000000000e+05
8.048880000000000000e+05
8.049030000000000000e+05
8.049320000000000000e+05
8.049470000000000000e+05
8.049630000000000000e+05
8.049800000000000000e+05
8.050180000000000000e+05
8.050350000000000000e+05
8.050890000000000000e+05
8.051030000000000000e+05
8.051310000000000000e+05
8.051490000000000000e+05
8.051700000000000000e+05
8.051910000000000000e+05
8.052170000000000000e+05
8.052350000000000000e+05
8.052480000000000000e+05
8.052660000000000000e+05
8.052890000000000000e+05
8.053370000000000000e+05
8.053760000000000000e+05
8.053860000000000000e+05
8.053980000000000000e+05
8.054090000000000000e+05
8.054420000000000000e+05
8.055280000000000000e+05
8.055410000000000000e+05
8.055580000000000000e+05
8.055750000000000000e+05
8.055910000000000000e+05
8.056120000000000000e+05
8.056400000000000000e+05
8.056560000000000000e+05
8.056760000000000000e+05
8.057510000000000000e+05
8.057700000000000000e+05
8.057820000000000000e+05
8.058080000000000000e+05
8.058180000000000000e+05
8.058470000000000000e+05
8.058590000000000000e+05
8.058970000000000000e+05
8.059160000000000000e+05
8.059410000000000000e+05
8.059730000000000000e+05
8.059950000000000000e+05
8.060170000000000000e+05
8.060420000000000000e+05
8.060560000000000000e+05
8.060680000000000000e+05
8.060860000000000000e+05
8.061140000000000000e+05
8.061250000000000000e+05
8.061570000000000000e+05
8.061730000000000000e+05
8.062250000000000000e+05
8.062460000000000000e+05
8.062570000000000000e+05
8.062740000000000000e+05
8.062890000000000000e+05
8.063060000000000000e+05
8.063230000000000000e+05
8.063870000000000000e+05
8.064110000000000000e+05
8.064420000000000000e+05
8.064600000000000000e+05
8.064780000000000000e+05
8.065100000000000000e+05
8.066500000000000000e+05
8.066670000000000000e+05
8.066780000000000000e+05
8.067120000000000000e+05
8.067460000000000000e+05
8.067620000000000000e+05
8.067820000000000000e+05
8.067940000000000000e+05
8.068100000000000000e+05
8.068960000000000000e+05
8.069160000000000000e+05
8.069460000000000000e+05
8.069610000000000000e+05
8.069810000000000000e+05
8.070480000000000000e+05
8.070610000000000000e+05
8.070750000000000000e+05
8.071900000000000000e+05
8.072000000000000000e+05
8.072160000000000000e+05
8.072350000000000000e+05
8.072680000000000000e+05
8.073010000000000000e+05
8.073290000000000000e+05
8.073480000000000000e+05
8.073840000000000000e+05
8.074130000000000000e+05
8.074290000000000000e+05
8.074390000000000000e+05
8.074560000000000000e+05
8.075260000000000000e+05
8.075440000000000000e+05
8.075640000000000000e+05
8.076110000000000000e+05
8.076360000000000000e+05
8.076470000000000000e+05
8.076610000000000000e+05
8.076840000000000000e+05
8.076990000000000000e+05
8.077510000000000000e+05
8.077820000000000000e+05
8.077930000000000000e+05
8.078080000000000000e+05
8.078760000000000000e+05
8.078950000000000000e+05
8.079090000000000000e+05
8.079220000000000000e+05
8.079400000000000000e+05
8.079640000000000000e+05
8.079780000000000000e+05
8.080090000000000000e+05
8.080240000000000000e+05
8.080540000000000000e+05
8.080670000000000000e+05
8.080780000000000000e+05
8.080900000000000000e+05
8.081060000000000000e+05
8.081280000000000000e+05
8.081900000000000000e+05
8.082050000000000000e+05
8.082240000000000000e+05
8.082480000000000000e+05
8.083100000000000000e+05
8.083240000000000000e+05
8.083570000000000000e+05
8.083770000000000000e+05
8.084080000000000000e+05
8.084240000000000000e+05
8.084930000000000000e+05
8.085140000000000000e+05
8.085420000000000000e+05
8.085600000000000000e+05
8.086750000000000000e+05
8.086930000000000000e+05
8.087460000000000000e+05
8.087680000000000000e+05
8.087850000000000000e+05
8.088100000000000000e+05
8.088220000000000000e+05
8.088600000000000000e+05
8.088960000000000000e+05
8.089450000000000000e+05
8.089970000000000000e+05
8.090540000000000000e+05
8.090700000000000000e+05
8.090840000000000000e+05
8.091810000000000000e+05
8.092150000000000000e+05
8.092300000000000000e+05
8.092400000000000000e+05
8.092670000000000000e+05
8.092780000000000000e+05
8.092890000000000000e+05
8.093160000000000000e+05
8.093340000000000000e+05
8.093500000000000000e+05
8.093630000000000000e+05
8.094150000000000000e+05
8.094290000000000000e+05
8.094570000000000000e+05
8.094800000000000000e+05
8.095060000000000000e+05
8.095170000000000000e+05
8.095450000000000000e+05
8.095680000000000000e+05
8.095960000000000000e+05
8.096220000000000000e+05
8.096410000000000000e+05
8.096760000000000000e+05
8.096910000000000000e+05
8.097550000000000000e+05
8.097720000000000000e+05
8.097960000000000000e+05
8.098300000000000000e+05
8.098590000000000000e+05
8.098900000000000000e+05
8.099120000000000000e+05
8.099420000000000000e+05
8.099560000000000000e+05
8.099710000000000000e+05
8.100070000000000000e+05
8.100580000000000000e+05
8.100770000000000000e+05
8.101070000000000000e+05
8.101950000000000000e+05
8.102230000000000000e+05
8.102400000000000000e+05
8.102740000000000000e+05
8.102910000000000000e+05
8.103580000000000000e+05
8.103760000000000000e+05
8.103920000000000000e+05
8.104060000000000000e+05
8.104240000000000000e+05
8.104440000000000000e+05
8.104710000000000000e+05
8.105060000000000000e+05
8.105190000000000000e+05
8.105300000000000000e+05
8.105560000000000000e+05
8.105760000000000000e+05
8.106000000000000000e+05
8.106280000000000000e+05
8.106450000000000000e+05
8.106590000000000000e+05
8.106930000000000000e+05
8.107720000000000000e+05
8.107850000000000000e+05
8.108270000000000000e+05
8.108490000000000000e+05
8.108800000000000000e+05
8.108950000000000000e+05
8.109090000000000000e+05
8.109450000000000000e+05
8.109630000000000000e+05
8.109840000000000000e+05
8.110020000000000000e+05
8.110140000000000000e+05
8.110400000000000000e+05
8.110540000000000000e+05
8.111620000000000000e+05
8.111780000000000000e+05
8.112740000000000000e+05
8.112840000000000000e+05
8.112960000000000000e+05
8.113130000000000000e+05
8.113940000000000000e+05
8.114090000000000000e+05
8.114670000000000000e+05
8.114800000000000000e+05
8.115050000000000000e+05
8.115250000000000000e+05
8.115400000000000000e+05
8.115710000000000000e+05
8.115920000000000000e+05
8.116230000000000000e+05
8.116380000000000000e+05
8.116570000000000000e+05
8.116730000000000000e+05
8.117400000000000000e+05
8.117550000000000000e+05
8.117900000000000000e+05
8.118090000000000000e+05
8.118220000000000000e+05
8.118470000000000000e+05
8.119040000000000000e+05
8.119410000000000000e+05
8.119620000000000000e+05
8.119750000000000000e+05
8.120400000000000000e+05
8.120900000000000000e+05
8.121050000000000000e+05
8.121590000000000000e+05
8.122130000000000000e+05
8.122320000000000000e+05
8.122930000000000000e+05
8.123320000000000000e+05
8.123580000000000000e+05
8.123910000000000000e+05
8.124100000000000000e+05
8.124400000000000000e+05
8.124590000000000000e+05
8.124730000000000000e+05
8.125080000000000000e+05
8.125400000000000000e+05
8.125630000000000000e+05
8.125940000000000000e+05
8.126110000000000000e+05
8.126250000000000000e+05
8.126430000000000000e+05
8.127090000000000000e+05
8.127280000000000000e+05
8.127760000000000000e+05
8.128090000000000000e+05
8.128240000000000000e+05
8.128410000000000000e+05
8.128610000000000000e+05
8.128930000000000000e+05
8.129410000000000000e+05
8.129770000000000000e+05
8.129910000000000000e+05
8.130360000000000000e+05
8.130580000000000000e+05
8.130860000000000000e+05
8.131020000000000000e+05
8.131170000000000000e+05
8.131460000000000000e+05
8.131680000000000000e+05
8.131990000000000000e+05
8.132090000000000000e+05
8.132240000000000000e+05
8.132370000000000000e+05
8.132740000000000000e+05
8.132850000000000000e+05
8.133130000000000000e+05
8.133290000000000000e+05
8.133470000000000000e+05
8.133780000000000000e+05
8.133900000000000000e+05
8.134320000000000000e+05
8.134900000000000000e+05
8.135050000000000000e+05
8.135210000000000000e+05
8.135360000000000000e+05
8.135730000000000000e+05
8.135920000000000000e+05
8.136380000000000000e+05
8.136580000000000000e+05
8.136700000000000000e+05
8.136900000000000000e+05
8.137070000000000000e+05
8.137200000000000000e+05
8.137380000000000000e+05
8.137600000000000000e+05
8.137800000000000000e+05
8.138050000000000000e+05
8.138210000000000000e+05
8.138520000000000000e+05
8.138770000000000000e+05
8.139070000000000000e+05
8.139470000000000000e+05
8.139720000000000000e+05
8.140330000000000000e+05
8.140600000000000000e+05
8.140730000000000000e+05
8.140870000000000000e+05
8.141040000000000000e+05
8.141310000000000000e+05
8.141530000000000000e+05
8.142120000000000000e+05
8.142380000000000000e+05
8.142890000000000000e+05
8.143060000000000000e+05
8.143210000000000000e+05
8.143380000000000000e+05
8.143550000000000000e+05
8.143720000000000000e+05
8.144360000000000000e+05
8.144530000000000000e+05
8.144880000000000000e+05
8.145260000000000000e+05
8.145560000000000000e+05
8.145730000000000000e+05
8.145970000000000000e+05
8.146240000000000000e+05
8.146570000000000000e+05
8.147070000000000000e+05
8.147220000000000000e+05
8.147410000000000000e+05
8.147800000000000000e+05
8.148000000000000000e+05
8.148330000000000000e+05
8.148480000000000000e+05
8.148750000000000000e+05
8.148900000000000000e+05
8.149080000000000000e+05
8.149440000000000000e+05
8.149930000000000000e+05
8.150980000000000000e+05
8.151130000000000000e+05
8.151360000000000000e+05
8.151480000000000000e+05
8.151580000000000000e+05
8.151730000000000000e+05
8.152040000000000000e+05
8.152180000000000000e+05
8.152480000000000000e+05
8.152810000000000000e+05
8.152920000000000000e+05
8.153040000000000000e+05
8.153840000000000000e+05
8.154040000000000000e+05
8.154190000000000000e+05
8.154760000000000000e+05
8.155600000000000000e+05
8.155700000000000000e+05
8.155850000000000000e+05
8.156140000000000000e+05
8.156420000000000000e+05
8.157020000000000000e+05
8.157200000000000000e+05
8.157460000000000000e+05
8.157980000000000000e+05
8.158330000000000000e+05
8.158560000000000000e+05
8.159250000000000000e+05
8.159420000000000000e+05
8.159700000000000000e+05
8.159860000000000000e+05
8.160040000000000000e+05
8.160210000000000000e+05
8.160680000000000000e+05
8.160850000000000000e+05
8.161210000000000000e+05
8.161370000000000000e+05
8.161640000000000000e+05
8.161970000000000000e+05
8.162260000000000000e+05
8.162420000000000000e+05
8.162540000000000000e+05
8.163140000000000000e+05
8.163250000000000000e+05
8.163590000000000000e+05
8.163880000000000000e+05
8.164030000000000000e+05
8.164370000000000000e+05
8.164810000000000000e+05
8.165430000000000000e+05
8.165540000000000000e+05
8.165720000000000000e+05
8.165910000000000000e+05
8.166230000000000000e+05
8.166410000000000000e+05
8.166710000000000000e+05
8.167400000000000000e+05
8.167620000000000000e+05
8.168090000000000000e+05
8.168230000000000000e+05
8.168420000000000000e+05
8.168740000000000000e+05
8.168970000000000000e+05
8.169160000000000000e+05
8.169410000000000000e+05
8.169570000000000000e+05
8.169920000000000000e+05
8.170160000000000000e+05
8.170400000000000000e+05
8.170570000000000000e+05
8.170800000000000000e+05
8.171270000000000000e+05
8.171550000000000000e+05
8.171860000000000000e+05
8.171980000000000000e+05
8.172130000000000000e+05
8.172340000000000000e+05
8.172420000000000000e+05
8.172830000000000000e+05
8.172940000000000000e+05
8.173090000000000000e+05
8.173290000000000000e+05
8.173790000000000000e+05
8.174150000000000000e+05
8.174330000000000000e+05
8.174570000000000000e+05
8.174700000000000000e+05
8.174850000000000000e+05
8.175020000000000000e+05
8.175210000000000000e+05
8.175460000000000000e+05
8.175800000000000000e+05
8.176020000000000000e+05
8.176250000000000000e+05
8.176560000000000000e+05
8.176770000000000000e+05
8.177040000000000000e+05
8.177300000000000000e+05
8.177520000000000000e+05
8.177740000000000000e+05
8.178040000000000000e+05
8.178310000000000000e+05
8.178600000000000000e+05
8.178700000000000000e+05
8.178860000000000000e+05
8.179080000000000000e+05
8.179430000000000000e+05
8.179580000000000000e+05
8.179790000000000000e+05
8.179920000000000000e+05
8.180530000000000000e+05
8.180770000000000000e+05
8.180880000000000000e+05
8.181200000000000000e+05
8.181600000000000000e+05
8.181770000000000000e+05
8.181900000000000000e+05
8.182200000000000000e+05
8.182350000000000000e+05
8.182560000000000000e+05
8.182680000000000000e+05
8.183050000000000000e+05
8.183190000000000000e+05
8.183370000000000000e+05
8.183520000000000000e+05
8.183760000000000000e+05
8.184040000000000000e+05
8.184180000000000000e+05
8.184360000000000000e+05
8.184540000000000000e+05
8.184800000000000000e+05
8.185210000000000000e+05
8.185400000000000000e+05
8.186030000000000000e+05
8.186250000000000000e+05
8.186580000000000000e+05
8.186750000000000000e+05
8.186890000000000000e+05
8.187220000000000000e+05
8.187400000000000000e+05
8.187740000000000000e+05
8.187920000000000000e+05
8.188040000000000000e+05
8.188460000000000000e+05
8.189220000000000000e+05
