6.826300000000000000e+05
6.826460000000000000e+05
6.826640000000000000e+05
6.826770000000000000e+05
6.827140000000000000e+05
6.827820000000000000e+05
6.828110000000000000e+05
6.828560000000000000e+05
6.829450000000000000e+05
6.829630000000000000e+05
6.829960000000000000e+05
6.830130000000000000e+05
6.830290000000000000e+05
6.830490000000000000e+05
6.830630000000000000e+05
6.830860000000000000e+05
6.831140000000000000e+05
6.831330000000000000e+05
6.831470000000000000e+05
6.831650000000000000e+05
6.831830000000000000e+05
6.832210000000000000e+05
6.832340000000000000e+05
6.832810000000000000e+05
6.833170000000000000e+05
6.833350000000000000e+05
6.833520000000000000e+05
6.833680000000000000e+05
6.833990000000000000e+05
6.834160000000000000e+05
6.834510000000000000e+05
6.834670000000000000e+05
6.834850000000000000e+05
6.835020000000000000e+05
6.835350000000000000e+05
6.835520000000000000e+05
6.835710000000000000e+05
6.836020000000000000e+05
6.836180000000000000e+05
6.836330000000000000e+05
6.836530000000000000e+05
6.836700000000000000e+05
6.837010000000000000e+05
6.837370000000000000e+05
6.837700000000000000e+05
6.837860000000000000e+05
6.838020000000000000e+05
6.838200000000000000e+05
6.838350000000000000e+05
6.838520000000000000e+05
6.838700000000000000e+05
6.839120000000000000e+05
6.839270000000000000e+05
6.839440000000000000e+05
6.839620000000000000e+05
6.839800000000000000e+05
6.840270000000000000e+05
6.840780000000000000e+05
6.840960000000000000e+05
6.841130000000000000e+05
6.841430000000000000e+05
6.841630000000000000e+05
6.842300000000000000e+05
6.842610000000000000e+05
6.842790000000000000e+05
6.843430000000000000e+05
6.843640000000000000e+05
6.843930000000000000e+05
6.844210000000000000e+05
6.844350000000000000e+05
6.844600000000000000e+05
6.846120000000000000e+05
6.846270000000000000e+05
6.846440000000000000e+05
6.846810000000000000e+05
6.847010000000000000e+05
6.847180000000000000e+05
6.847440000000000000e+05
6.847600000000000000e+05
6.847780000000000000e+05
6.847950000000000000e+05
6.848110000000000000e+05
6.848460000000000000e+05
6.848600000000000000e+05
6.848790000000000000e+05
6.848940000000000000e+05
6.849150000000000000e+05
6.849500000000000000e+05
6.849620000000000000e+05
6.849780000000000000e+05
6.849980000000000000e+05
6.850210000000000000e+05
6.850330000000000000e+05
6.850650000000000000e+05
6.850820000000000000e+05
6.851150000000000000e+05
6.851490000000000000e+05
6.851630000000000000e+05
6.851850000000000000e+05
6.852230000000000000e+05
6.852420000000000000e+05
6.852590000000000000e+05
6.852820000000000000e+05
6.853000000000000000e+05
6.853170000000000000e+05
6.853510000000000000e+05
6.853670000000000000e+05
6.853870000000000000e+05
6.854210000000000000e+05
6.854330000000000000e+05
6.854510000000000000e+05
6.854840000000000000e+05
6.855000000000000000e+05
6.855160000000000000e+05
6.855680000000000000e+05
6.855830000000000000e+05
6.856030000000000000e+05
6.856180000000000000e+05
6.856330000000000000e+05
6.856680000000000000e+05
6.857050000000000000e+05
6.857230000000000000e+05
6.857350000000000000e+05
6.857710000000000000e+05
6.858060000000000000e+05
6.858190000000000000e+05
6.858530000000000000e+05
6.858690000000000000e+05
6.858870000000000000e+05
6.859440000000000000e+05
6.859930000000000000e+05
6.860300000000000000e+05
6.860470000000000000e+05
6.861360000000000000e+05
6.861610000000000000e+05
6.861930000000000000e+05
6.862100000000000000e+05
6.863500000000000000e+05
6.863930000000000000e+05
6.864200000000000000e+05
6.864310000000000000e+05
6.864850000000000000e+05
6.864990000000000000e+05
6.865280000000000000e+05
6.865610000000000000e+05
6.865820000000000000e+05
6.865950000000000000e+05
6.866280000000000000e+05
6.866440000000000000e+05
6.866610000000000000e+05
6.866930000000000000e+05
6.867260000000000000e+05
6.867770000000000000e+05
6.867940000000000000e+05
6.868270000000000000e+05
6.868440000000000000e+05
6.868610000000000000e+05
6.868780000000000000e+05
6.868930000000000000e+05
6.869120000000000000e+05
6.869300000000000000e+05
6.869430000000000000e+05
6.869610000000000000e+05
6.869950000000000000e+05
6.870290000000000000e+05
6.870460000000000000e+05
6.870620000000000000e+05
6.870800000000000000e+05
6.870960000000000000e+05
6.871130000000000000e+05
6.871300000000000000e+05
6.871460000000000000e+05
6.871660000000000000e+05
6.871820000000000000e+05
6.871980000000000000e+05
6.872290000000000000e+05
6.872460000000000000e+05
6.872640000000000000e+05
6.873330000000000000e+05
6.873460000000000000e+05
6.873630000000000000e+05
6.873800000000000000e+05
6.873990000000000000e+05
6.874160000000000000e+05
6.874500000000000000e+05
6.874670000000000000e+05
6.874810000000000000e+05
6.875390000000000000e+05
6.875530000000000000e+05
6.875650000000000000e+05
6.875840000000000000e+05
6.876160000000000000e+05
6.876330000000000000e+05
6.876510000000000000e+05
6.876680000000000000e+05
6.877000000000000000e+05
6.877910000000000000e+05
6.878160000000000000e+05
6.878280000000000000e+05
6.878560000000000000e+05
6.878730000000000000e+05
6.878860000000000000e+05
6.879140000000000000e+05
6.879300000000000000e+05
6.879440000000000000e+05
6.879610000000000000e+05
6.879920000000000000e+05
6.880080000000000000e+05
6.880260000000000000e+05
6.880430000000000000e+05
6.880920000000000000e+05
6.881100000000000000e+05
6.881280000000000000e+05
6.881610000000000000e+05
6.881780000000000000e+05
6.881940000000000000e+05
6.882260000000000000e+05
6.882430000000000000e+05
6.882590000000000000e+05
6.882760000000000000e+05
6.882960000000000000e+05
6.883270000000000000e+05
6.883440000000000000e+05
6.883600000000000000e+05
6.883750000000000000e+05
6.883950000000000000e+05
6.884270000000000000e+05
6.884430000000000000e+05
6.884610000000000000e+05
6.884910000000000000e+05
6.885080000000000000e+05
6.885250000000000000e+05
6.885600000000000000e+05
6.885760000000000000e+05
6.885940000000000000e+05
6.886090000000000000e+05
6.886600000000000000e+05
6.886770000000000000e+05
6.886940000000000000e+05
6.887260000000000000e+05
6.887420000000000000e+05
6.887600000000000000e+05
6.887750000000000000e+05
6.888090000000000000e+05
6.888250000000000000e+05
6.888430000000000000e+05
6.889100000000000000e+05
6.889280000000000000e+05
6.889420000000000000e+05
6.889770000000000000e+05
6.889940000000000000e+05
6.890280000000000000e+05
6.890440000000000000e+05
6.890610000000000000e+05
6.890770000000000000e+05
6.891100000000000000e+05
6.891300000000000000e+05
6.891460000000000000e+05
6.891620000000000000e+05
6.891780000000000000e+05
6.891950000000000000e+05
6.892310000000000000e+05
6.892470000000000000e+05
6.892810000000000000e+05
6.893470000000000000e+05
6.893640000000000000e+05
6.893810000000000000e+05
6.894170000000000000e+05
6.894310000000000000e+05
6.894650000000000000e+05
6.894820000000000000e+05
6.894990000000000000e+05
6.895330000000000000e+05
6.895500000000000000e+05
6.895890000000000000e+05
6.896000000000000000e+05
6.896160000000000000e+05
6.896320000000000000e+05
6.896500000000000000e+05
6.896650000000000000e+05
6.897020000000000000e+05
6.897330000000000000e+05
6.897500000000000000e+05
6.897680000000000000e+05
6.898200000000000000e+05
6.898330000000000000e+05
6.898520000000000000e+05
6.898680000000000000e+05
6.899010000000000000e+05
6.899270000000000000e+05
6.899410000000000000e+05
6.899600000000000000e+05
6.899740000000000000e+05
6.900090000000000000e+05
6.900270000000000000e+05
6.900420000000000000e+05
6.900750000000000000e+05
6.900970000000000000e+05
6.901080000000000000e+05
6.901420000000000000e+05
6.901580000000000000e+05
6.901940000000000000e+05
6.902090000000000000e+05
6.902250000000000000e+05
6.902430000000000000e+05
6.902760000000000000e+05
6.902920000000000000e+05
6.903080000000000000e+05
6.903240000000000000e+05
6.903620000000000000e+05
6.903790000000000000e+05
6.904100000000000000e+05
6.904270000000000000e+05
6.904450000000000000e+05
6.904770000000000000e+05
6.905100000000000000e+05
6.905270000000000000e+05
6.905440000000000000e+05
6.905570000000000000e+05
6.905750000000000000e+05
6.905940000000000000e+05
6.906140000000000000e+05
6.906430000000000000e+05
6.906590000000000000e+05
6.906760000000000000e+05
6.906910000000000000e+05
6.907270000000000000e+05
6.907450000000000000e+05
6.907590000000000000e+05
6.907910000000000000e+05
6.908090000000000000e+05
6.908430000000000000e+05
6.908590000000000000e+05
6.908770000000000000e+05
6.908970000000000000e+05
6.909100000000000000e+05
6.909260000000000000e+05
6.909490000000000000e+05
6.909600000000000000e+05
6.909770000000000000e+05
6.910110000000000000e+05
6.910250000000000000e+05
6.910630000000000000e+05
6.910760000000000000e+05
6.910950000000000000e+05
6.911270000000000000e+05
6.911430000000000000e+05
6.911630000000000000e+05
6.911960000000000000e+05
6.912440000000000000e+05
6.912630000000000000e+05
6.913300000000000000e+05
6.913450000000000000e+05
6.913630000000000000e+05
6.914000000000000000e+05
6.914150000000000000e+05
6.914470000000000000e+05
6.914620000000000000e+05
6.914810000000000000e+05
6.915140000000000000e+05
6.915500000000000000e+05
6.915820000000000000e+05
6.916000000000000000e+05
6.916160000000000000e+05
6.916340000000000000e+05
6.916660000000000000e+05
6.916820000000000000e+05
6.916990000000000000e+05
6.917330000000000000e+05
6.917500000000000000e+05
6.917670000000000000e+05
6.917820000000000000e+05
6.918000000000000000e+05
6.918160000000000000e+05
6.918340000000000000e+05
6.918520000000000000e+05
6.918670000000000000e+05
6.918830000000000000e+05
6.919000000000000000e+05
6.919270000000000000e+05
6.919590000000000000e+05
6.919860000000000000e+05
6.919960000000000000e+05
6.920240000000000000e+05
6.920410000000000000e+05
6.920580000000000000e+05
6.920920000000000000e+05
6.921070000000000000e+05
6.921410000000000000e+05
6.921600000000000000e+05
6.921820000000000000e+05
6.921970000000000000e+05
6.922110000000000000e+05
6.922440000000000000e+05
6.922770000000000000e+05
6.922920000000000000e+05
6.923080000000000000e+05
6.923260000000000000e+05
6.923580000000000000e+05
6.923750000000000000e+05
6.923920000000000000e+05
6.924250000000000000e+05
6.924420000000000000e+05
6.924750000000000000e+05
6.924900000000000000e+05
6.925100000000000000e+05
6.925410000000000000e+05
6.925580000000000000e+05
6.925730000000000000e+05
6.925920000000000000e+05
6.926250000000000000e+05
6.926430000000000000e+05
6.926590000000000000e+05
6.926920000000000000e+05
6.927270000000000000e+05
6.927590000000000000e+05
6.927740000000000000e+05
6.927920000000000000e+05
6.928070000000000000e+05
6.928410000000000000e+05
6.928570000000000000e+05
6.928760000000000000e+05
6.928920000000000000e+05
6.929070000000000000e+05
6.929420000000000000e+05
6.929610000000000000e+05
6.929760000000000000e+05
6.929920000000000000e+05
6.930080000000000000e+05
6.930440000000000000e+05
6.930620000000000000e+05
6.930790000000000000e+05
6.931110000000000000e+05
6.931290000000000000e+05
6.931440000000000000e+05
6.931780000000000000e+05
6.931920000000000000e+05
6.932090000000000000e+05
6.932270000000000000e+05
6.932430000000000000e+05
6.932790000000000000e+05
6.933300000000000000e+05
6.933440000000000000e+05
6.933790000000000000e+05
6.933970000000000000e+05
6.934130000000000000e+05
6.934460000000000000e+05
6.934610000000000000e+05
6.934790000000000000e+05
6.934970000000000000e+05
6.935160000000000000e+05
6.935480000000000000e+05
6.935640000000000000e+05
6.935960000000000000e+05
6.936350000000000000e+05
6.936490000000000000e+05
6.936810000000000000e+05
6.936980000000000000e+05
6.937140000000000000e+05
6.937380000000000000e+05
6.937510000000000000e+05
6.937660000000000000e+05
6.937840000000000000e+05
6.938050000000000000e+05
6.938330000000000000e+05
6.938490000000000000e+05
6.938670000000000000e+05
6.939000000000000000e+05
6.939160000000000000e+05
6.939420000000000000e+05
6.939730000000000000e+05
6.939890000000000000e+05
6.940070000000000000e+05
6.940250000000000000e+05
6.940400000000000000e+05
6.940750000000000000e+05
6.940890000000000000e+05
6.941060000000000000e+05
6.941260000000000000e+05
6.941410000000000000e+05
6.941740000000000000e+05
6.941920000000000000e+05
6.942090000000000000e+05
6.942400000000000000e+05
6.942570000000000000e+05
6.942770000000000000e+05
6.943080000000000000e+05
6.943410000000000000e+05
6.943560000000000000e+05
6.943730000000000000e+05
6.944060000000000000e+05
6.944240000000000000e+05
6.944420000000000000e+05
6.944580000000000000e+05
6.944910000000000000e+05
6.945220000000000000e+05
6.945590000000000000e+05
6.945770000000000000e+05
6.945910000000000000e+05
6.946130000000000000e+05
6.946410000000000000e+05
6.946590000000000000e+05
6.946780000000000000e+05
6.947110000000000000e+05
6.947570000000000000e+05
6.947740000000000000e+05
6.948080000000000000e+05
6.948270000000000000e+05
6.948400000000000000e+05
6.948740000000000000e+05
6.948900000000000000e+05
6.949240000000000000e+05
6.949420000000000000e+05
6.949870000000000000e+05
6.950090000000000000e+05
6.950280000000000000e+05
6.950430000000000000e+05
6.951090000000000000e+05
6.951500000000000000e+05
6.951590000000000000e+05
6.951770000000000000e+05
6.951960000000000000e+05
6.952290000000000000e+05
6.952940000000000000e+05
6.953300000000000000e+05
6.953430000000000000e+05
6.953620000000000000e+05
6.954100000000000000e+05
6.954280000000000000e+05
6.954460000000000000e+05
6.954790000000000000e+05
6.954960000000000000e+05
6.955110000000000000e+05
6.955290000000000000e+05
6.955470000000000000e+05
6.955820000000000000e+05
6.955970000000000000e+05
6.956140000000000000e+05
6.956290000000000000e+05
6.956450000000000000e+05
6.956790000000000000e+05
6.957800000000000000e+05
6.957990000000000000e+05
6.958310000000000000e+05
6.958460000000000000e+05
6.958650000000000000e+05
6.958980000000000000e+05
6.959140000000000000e+05
6.959310000000000000e+05
6.959560000000000000e+05
6.959730000000000000e+05
6.959900000000000000e+05
6.960070000000000000e+05
6.960310000000000000e+05
6.960480000000000000e+05
6.960670000000000000e+05
6.960820000000000000e+05
6.960930000000000000e+05
6.961240000000000000e+05
6.961730000000000000e+05
6.961900000000000000e+05
6.962050000000000000e+05
6.962320000000000000e+05
6.962560000000000000e+05
6.962720000000000000e+05
6.962890000000000000e+05
6.963220000000000000e+05
6.963400000000000000e+05
6.963550000000000000e+05
6.963740000000000000e+05
6.964270000000000000e+05
6.964600000000000000e+05
6.964750000000000000e+05
6.965050000000000000e+05
6.965220000000000000e+05
6.965380000000000000e+05
6.965550000000000000e+05
6.965900000000000000e+05
6.966070000000000000e+05
6.966240000000000000e+05
6.966550000000000000e+05
6.966730000000000000e+05
6.966900000000000000e+05
6.967250000000000000e+05
6.967390000000000000e+05
6.967550000000000000e+05
6.968070000000000000e+05
6.968230000000000000e+05
6.968560000000000000e+05
6.968740000000000000e+05
6.968900000000000000e+05
6.969130000000000000e+05
6.969410000000000000e+05
6.969570000000000000e+05
6.969910000000000000e+05
6.970090000000000000e+05
6.970410000000000000e+05
6.970710000000000000e+05
6.970800000000000000e+05
6.971090000000000000e+05
6.971300000000000000e+05
6.971580000000000000e+05
6.971910000000000000e+05
6.972080000000000000e+05
6.972570000000000000e+05
6.973090000000000000e+05
6.973300000000000000e+05
6.973600000000000000e+05
6.973780000000000000e+05
6.974040000000000000e+05
6.974180000000000000e+05
6.974440000000000000e+05
6.974930000000000000e+05
6.975110000000000000e+05
6.975260000000000000e+05
6.975450000000000000e+05
6.975610000000000000e+05
6.975940000000000000e+05
6.976140000000000000e+05
6.976270000000000000e+05
6.976440000000000000e+05
6.977070000000000000e+05
6.977190000000000000e+05
6.977460000000000000e+05
6.977620000000000000e+05
6.977980000000000000e+05
6.978140000000000000e+05
6.978290000000000000e+05
6.978480000000000000e+05
6.978620000000000000e+05
6.978790000000000000e+05
6.978980000000000000e+05
6.979130000000000000e+05
6.979400000000000000e+05
6.979560000000000000e+05
6.979900000000000000e+05
6.980040000000000000e+05
6.980230000000000000e+05
6.980390000000000000e+05
6.980640000000000000e+05
6.980750000000000000e+05
6.981080000000000000e+05
6.981270000000000000e+05
6.981390000000000000e+05
6.981720000000000000e+05
6.981880000000000000e+05
6.982040000000000000e+05
6.982390000000000000e+05
6.982560000000000000e+05
6.982730000000000000e+05
6.982910000000000000e+05
6.983220000000000000e+05
6.983400000000000000e+05
6.983550000000000000e+05
6.983890000000000000e+05
6.984100000000000000e+05
6.984220000000000000e+05
6.984610000000000000e+05
6.984730000000000000e+05
6.984890000000000000e+05
6.985050000000000000e+05
6.985380000000000000e+05
6.985550000000000000e+05
6.985760000000000000e+05
6.985890000000000000e+05
6.986230000000000000e+05
6.986400000000000000e+05
6.986540000000000000e+05
6.987140000000000000e+05
6.987370000000000000e+05
6.987550000000000000e+05
6.987710000000000000e+05
6.987930000000000000e+05
6.988710000000000000e+05
6.989060000000000000e+05
6.989420000000000000e+05
6.989560000000000000e+05
6.989710000000000000e+05
6.990390000000000000e+05
6.990900000000000000e+05
6.991070000000000000e+05
6.991400000000000000e+05
6.991560000000000000e+05
6.991730000000000000e+05
6.992070000000000000e+05
6.992250000000000000e+05
6.992430000000000000e+05
6.992760000000000000e+05
6.993750000000000000e+05
6.994110000000000000e+05
6.994420000000000000e+05
6.994600000000000000e+05
6.994990000000000000e+05
6.995110000000000000e+05
6.995270000000000000e+05
6.995440000000000000e+05
6.995800000000000000e+05
6.995950000000000000e+05
6.996280000000000000e+05
6.996760000000000000e+05
6.997430000000000000e+05
6.997640000000000000e+05
6.997790000000000000e+05
6.997960000000000000e+05
6.998120000000000000e+05
6.998310000000000000e+05
6.998460000000000000e+05
6.998800000000000000e+05
6.998950000000000000e+05
6.999130000000000000e+05
6.999290000000000000e+05
6.999450000000000000e+05
6.999590000000000000e+05
6.999890000000000000e+05
7.000050000000000000e+05
7.000210000000000000e+05
7.000520000000000000e+05
7.000630000000000000e+05
7.000890000000000000e+05
7.001400000000000000e+05
7.001540000000000000e+05
7.001710000000000000e+05
7.001890000000000000e+05
7.002200000000000000e+05
7.002390000000000000e+05
7.002540000000000000e+05
7.002870000000000000e+05
7.003060000000000000e+05
7.003220000000000000e+05
7.003560000000000000e+05
7.003720000000000000e+05
7.003870000000000000e+05
7.004060000000000000e+05
7.004370000000000000e+05
7.004540000000000000e+05
7.004710000000000000e+05
7.005040000000000000e+05
7.005230000000000000e+05
7.005410000000000000e+05
7.005720000000000000e+05
7.005870000000000000e+05
7.006220000000000000e+05
7.006480000000000000e+05
7.006590000000000000e+05
7.006880000000000000e+05
7.007210000000000000e+05
7.007370000000000000e+05
7.007540000000000000e+05
7.007890000000000000e+05
7.008050000000000000e+05
7.008230000000000000e+05
7.008390000000000000e+05
7.008560000000000000e+05
7.008890000000000000e+05
7.009050000000000000e+05
7.009220000000000000e+05
7.009530000000000000e+05
7.009700000000000000e+05
7.010060000000000000e+05
7.010550000000000000e+05
7.010720000000000000e+05
7.010890000000000000e+05
7.011060000000000000e+05
7.011230000000000000e+05
7.011400000000000000e+05
7.011580000000000000e+05
7.011900000000000000e+05
7.012240000000000000e+05
7.012410000000000000e+05
7.012570000000000000e+05
7.012900000000000000e+05
7.013010000000000000e+05
7.013800000000000000e+05
7.014080000000000000e+05
7.014240000000000000e+05
7.014590000000000000e+05
7.014770000000000000e+05
7.014940000000000000e+05
7.015080000000000000e+05
7.015430000000000000e+05
7.015600000000000000e+05
7.015770000000000000e+05
7.015930000000000000e+05
7.016110000000000000e+05
7.016290000000000000e+05
7.016440000000000000e+05
7.016590000000000000e+05
7.016930000000000000e+05
7.017100000000000000e+05
7.017280000000000000e+05
7.017450000000000000e+05
7.017600000000000000e+05
7.017960000000000000e+05
7.018120000000000000e+05
7.018450000000000000e+05
7.018620000000000000e+05
7.018800000000000000e+05
7.018940000000000000e+05
7.019150000000000000e+05
7.019500000000000000e+05
7.019740000000000000e+05
7.019870000000000000e+05
7.020220000000000000e+05
7.020370000000000000e+05
7.020550000000000000e+05
7.020730000000000000e+05
7.021130000000000000e+05
7.021240000000000000e+05
7.021540000000000000e+05
7.021730000000000000e+05
7.021870000000000000e+05
7.022200000000000000e+05
7.022380000000000000e+05
7.022520000000000000e+05
7.022710000000000000e+05
7.023030000000000000e+05
7.023190000000000000e+05
7.023370000000000000e+05
7.023690000000000000e+05
7.024200000000000000e+05
7.024360000000000000e+05
7.024530000000000000e+05
7.024710000000000000e+05
7.024870000000000000e+05
7.025210000000000000e+05
7.025390000000000000e+05
7.025540000000000000e+05
7.025870000000000000e+05
7.026030000000000000e+05
7.026380000000000000e+05
7.026540000000000000e+05
7.026750000000000000e+05
7.027050000000000000e+05
7.027220000000000000e+05
7.027390000000000000e+05
7.027730000000000000e+05
7.027870000000000000e+05
7.028030000000000000e+05
7.028360000000000000e+05
7.028540000000000000e+05
7.028690000000000000e+05
7.029380000000000000e+05
7.029560000000000000e+05
7.029710000000000000e+05
7.030040000000000000e+05
7.030200000000000000e+05
7.030360000000000000e+05
7.030540000000000000e+05
7.030880000000000000e+05
7.031200000000000000e+05
7.031380000000000000e+05
7.031570000000000000e+05
7.031730000000000000e+05
7.031930000000000000e+05
7.032070000000000000e+05
7.032380000000000000e+05
7.032560000000000000e+05
7.032910000000000000e+05
7.033060000000000000e+05
7.033210000000000000e+05
7.033570000000000000e+05
7.033910000000000000e+05
7.034250000000000000e+05
7.034410000000000000e+05
7.034560000000000000e+05
7.034750000000000000e+05
7.035090000000000000e+05
7.035260000000000000e+05
7.035410000000000000e+05
7.035600000000000000e+05
7.035760000000000000e+05
7.036090000000000000e+05
7.036270000000000000e+05
7.036420000000000000e+05
7.036600000000000000e+05
7.036910000000000000e+05
7.037110000000000000e+05
7.037590000000000000e+05
7.037780000000000000e+05
7.038020000000000000e+05
7.038120000000000000e+05
7.038430000000000000e+05
7.038610000000000000e+05
7.038760000000000000e+05
7.038950000000000000e+05
7.039100000000000000e+05
7.039280000000000000e+05
7.039470000000000000e+05
7.039630000000000000e+05
7.039790000000000000e+05
7.040050000000000000e+05
7.040190000000000000e+05
7.040350000000000000e+05
7.040580000000000000e+05
7.040710000000000000e+05
7.041030000000000000e+05
7.041210000000000000e+05
7.041350000000000000e+05
7.041540000000000000e+05
7.041860000000000000e+05
7.042020000000000000e+05
7.042190000000000000e+05
7.042370000000000000e+05
7.042690000000000000e+05
7.042880000000000000e+05
7.043040000000000000e+05
7.043360000000000000e+05
7.043880000000000000e+05
7.044020000000000000e+05
7.044520000000000000e+05
7.044680000000000000e+05
7.045020000000000000e+05
7.045190000000000000e+05
7.045510000000000000e+05
7.045710000000000000e+05
7.045870000000000000e+05
7.046020000000000000e+05
7.046350000000000000e+05
7.046890000000000000e+05
7.047030000000000000e+05
7.047200000000000000e+05
7.047480000000000000e+05
7.047630000000000000e+05
7.047870000000000000e+05
7.048040000000000000e+05
7.048370000000000000e+05
7.048550000000000000e+05
7.048680000000000000e+05
7.049030000000000000e+05
7.049540000000000000e+05
7.049700000000000000e+05
7.049870000000000000e+05
7.050040000000000000e+05
7.050540000000000000e+05
7.050710000000000000e+05
7.051060000000000000e+05
7.051200000000000000e+05
7.051360000000000000e+05
7.051720000000000000e+05
7.051890000000000000e+05
7.052060000000000000e+05
7.052220000000000000e+05
7.052390000000000000e+05
7.052580000000000000e+05
7.052890000000000000e+05
7.053240000000000000e+05
7.053360000000000000e+05
7.053890000000000000e+05
7.054250000000000000e+05
7.054410000000000000e+05
7.054550000000000000e+05
7.054750000000000000e+05
7.054930000000000000e+05
7.055080000000000000e+05
7.055410000000000000e+05
7.055570000000000000e+05
7.055730000000000000e+05
7.056080000000000000e+05
7.056420000000000000e+05
7.056750000000000000e+05
7.057100000000000000e+05
7.057260000000000000e+05
7.057440000000000000e+05
7.057580000000000000e+05
7.057750000000000000e+05
7.057930000000000000e+05
7.058260000000000000e+05
7.058430000000000000e+05
7.058580000000000000e+05
7.058750000000000000e+05
7.058950000000000000e+05
7.059090000000000000e+05
7.059260000000000000e+05
7.059450000000000000e+05
7.059610000000000000e+05
7.059790000000000000e+05
7.059910000000000000e+05
7.060190000000000000e+05
7.060350000000000000e+05
7.060530000000000000e+05
7.060860000000000000e+05
7.061030000000000000e+05
7.061190000000000000e+05
7.061520000000000000e+05
7.061690000000000000e+05
7.061840000000000000e+05
7.062200000000000000e+05
7.062370000000000000e+05
7.062520000000000000e+05
7.062680000000000000e+05
7.063010000000000000e+05
7.063190000000000000e+05
7.063360000000000000e+05
7.063690000000000000e+05
7.063840000000000000e+05
7.064020000000000000e+05
7.064280000000000000e+05
7.064510000000000000e+05
7.064690000000000000e+05
7.065020000000000000e+05
7.065190000000000000e+05
7.065360000000000000e+05
7.065680000000000000e+05
7.065850000000000000e+05
7.066030000000000000e+05
7.066370000000000000e+05
7.066510000000000000e+05
7.066690000000000000e+05
7.066850000000000000e+05
7.067180000000000000e+05
7.067340000000000000e+05
7.067510000000000000e+05
7.067850000000000000e+05
7.068020000000000000e+05
7.068190000000000000e+05
7.068350000000000000e+05
7.068500000000000000e+05
7.068720000000000000e+05
7.069020000000000000e+05
7.069190000000000000e+05
7.069350000000000000e+05
7.069510000000000000e+05
7.069860000000000000e+05
7.070020000000000000e+05
7.070360000000000000e+05
7.070540000000000000e+05
7.070890000000000000e+05
7.071360000000000000e+05
7.071530000000000000e+05
7.071710000000000000e+05
7.072040000000000000e+05
7.072210000000000000e+05
7.072380000000000000e+05
7.072540000000000000e+05
7.072890000000000000e+05
7.073050000000000000e+05
7.073220000000000000e+05
7.073730000000000000e+05
7.073880000000000000e+05
7.074230000000000000e+05
7.074400000000000000e+05
7.074580000000000000e+05
7.075080000000000000e+05
7.075420000000000000e+05
7.075570000000000000e+05
7.075730000000000000e+05
7.075900000000000000e+05
7.076080000000000000e+05
7.076420000000000000e+05
7.076580000000000000e+05
7.076790000000000000e+05
7.076950000000000000e+05
7.077090000000000000e+05
7.077420000000000000e+05
7.077590000000000000e+05
7.077760000000000000e+05
7.077910000000000000e+05
7.078090000000000000e+05
7.078410000000000000e+05
7.078590000000000000e+05
7.078750000000000000e+05
7.078920000000000000e+05
7.079090000000000000e+05
7.079290000000000000e+05
7.079430000000000000e+05
7.079600000000000000e+05
7.079770000000000000e+05
7.079890000000000000e+05
7.080520000000000000e+05
7.080680000000000000e+05
7.081180000000000000e+05
7.081340000000000000e+05
7.081680000000000000e+05
7.081840000000000000e+05
7.082010000000000000e+05
7.082180000000000000e+05
7.082510000000000000e+05
7.082690000000000000e+05
7.082850000000000000e+05
7.083180000000000000e+05
7.083360000000000000e+05
7.083520000000000000e+05
7.084050000000000000e+05
7.084340000000000000e+05
7.084500000000000000e+05
7.084670000000000000e+05
7.085010000000000000e+05
7.085170000000000000e+05
7.085380000000000000e+05
7.085560000000000000e+05
7.085830000000000000e+05
7.086010000000000000e+05
7.086170000000000000e+05
7.086510000000000000e+05
7.086730000000000000e+05
7.086860000000000000e+05
7.087010000000000000e+05
7.087200000000000000e+05
7.087500000000000000e+05
7.087680000000000000e+05
7.087830000000000000e+05
7.088020000000000000e+05
7.088180000000000000e+05
7.088510000000000000e+05
7.088680000000000000e+05
7.088860000000000000e+05
7.089160000000000000e+05
7.089340000000000000e+05
7.089490000000000000e+05
7.090010000000000000e+05
7.090210000000000000e+05
7.090340000000000000e+05
7.090510000000000000e+05
7.090860000000000000e+05
7.091030000000000000e+05
7.091360000000000000e+05
7.091530000000000000e+05
7.091700000000000000e+05
7.091880000000000000e+05
7.092200000000000000e+05
7.092370000000000000e+05
7.092520000000000000e+05
7.092700000000000000e+05
7.093050000000000000e+05
7.093220000000000000e+05
7.093460000000000000e+05
7.093720000000000000e+05
7.093860000000000000e+05
7.094220000000000000e+05
7.094560000000000000e+05
7.094710000000000000e+05
7.094880000000000000e+05
7.095060000000000000e+05
7.095390000000000000e+05
7.095570000000000000e+05
7.095740000000000000e+05
7.096050000000000000e+05
7.096240000000000000e+05
7.096410000000000000e+05
7.096560000000000000e+05
7.096950000000000000e+05
7.097070000000000000e+05
7.097250000000000000e+05
7.097420000000000000e+05
7.097600000000000000e+05
7.097730000000000000e+05
7.098090000000000000e+05
7.098250000000000000e+05
7.098420000000000000e+05
7.098590000000000000e+05
7.098740000000000000e+05
7.098920000000000000e+05
7.099100000000000000e+05
7.099260000000000000e+05
7.099420000000000000e+05
7.099590000000000000e+05
7.099750000000000000e+05
7.099930000000000000e+05
7.100110000000000000e+05
7.100350000000000000e+05
7.100690000000000000e+05
7.100830000000000000e+05
7.101000000000000000e+05
7.101180000000000000e+05
7.101370000000000000e+05
7.101520000000000000e+05
7.101680000000000000e+05
7.102000000000000000e+05
7.102160000000000000e+05
7.102510000000000000e+05
7.102680000000000000e+05
7.102830000000000000e+05
7.103020000000000000e+05
7.103360000000000000e+05
7.103520000000000000e+05
7.103840000000000000e+05
7.104100000000000000e+05
7.104330000000000000e+05
7.104500000000000000e+05
7.104670000000000000e+05
7.105020000000000000e+05
7.105200000000000000e+05
7.105360000000000000e+05
7.105670000000000000e+05
7.105850000000000000e+05
7.106000000000000000e+05
7.106180000000000000e+05
7.106510000000000000e+05
7.106870000000000000e+05
7.107180000000000000e+05
7.107350000000000000e+05
7.107490000000000000e+05
7.107850000000000000e+05
7.108010000000000000e+05
7.108190000000000000e+05
7.108510000000000000e+05
7.108660000000000000e+05
7.108840000000000000e+05
7.109030000000000000e+05
7.109180000000000000e+05
7.109340000000000000e+05
7.109660000000000000e+05
7.109830000000000000e+05
7.110040000000000000e+05
7.110180000000000000e+05
7.110370000000000000e+05
7.110690000000000000e+05
7.110840000000000000e+05
7.111010000000000000e+05
7.111360000000000000e+05
7.111860000000000000e+05
7.112010000000000000e+05
7.112200000000000000e+05
7.112550000000000000e+05
7.112710000000000000e+05
7.113030000000000000e+05
7.113360000000000000e+05
7.114040000000000000e+05
7.114190000000000000e+05
7.114380000000000000e+05
7.114560000000000000e+05
7.114880000000000000e+05
7.115050000000000000e+05
7.115230000000000000e+05
7.115540000000000000e+05
7.115730000000000000e+05
7.115890000000000000e+05
7.116040000000000000e+05
7.116220000000000000e+05
7.116390000000000000e+05
7.116560000000000000e+05
7.116920000000000000e+05
7.117070000000000000e+05
7.117250000000000000e+05
7.117550000000000000e+05
7.117720000000000000e+05
7.117930000000000000e+05
7.118230000000000000e+05
7.118400000000000000e+05
7.118560000000000000e+05
7.118730000000000000e+05
7.119060000000000000e+05
7.119280000000000000e+05
7.119420000000000000e+05
7.119600000000000000e+05
7.119760000000000000e+05
7.119910000000000000e+05
7.120190000000000000e+05
7.120510000000000000e+05
7.120670000000000000e+05
7.120850000000000000e+05
7.121000000000000000e+05
7.121340000000000000e+05
7.121530000000000000e+05
7.121660000000000000e+05
7.121840000000000000e+05
7.122010000000000000e+05
7.122330000000000000e+05
7.122490000000000000e+05
7.122660000000000000e+05
7.123000000000000000e+05
7.123490000000000000e+05
7.123650000000000000e+05
7.123830000000000000e+05
7.124010000000000000e+05
7.124160000000000000e+05
7.124520000000000000e+05
7.124650000000000000e+05
7.124830000000000000e+05
7.125170000000000000e+05
7.125670000000000000e+05
7.125810000000000000e+05
7.125990000000000000e+05
7.126330000000000000e+05
7.126490000000000000e+05
7.126680000000000000e+05
7.126990000000000000e+05
7.127160000000000000e+05
7.127370000000000000e+05
7.127500000000000000e+05
7.127820000000000000e+05
7.128000000000000000e+05
7.128150000000000000e+05
7.128500000000000000e+05
7.128660000000000000e+05
7.128840000000000000e+05
7.128990000000000000e+05
7.129160000000000000e+05
7.129340000000000000e+05
7.130010000000000000e+05
7.130170000000000000e+05
7.130520000000000000e+05
7.130680000000000000e+05
7.130850000000000000e+05
7.131010000000000000e+05
7.131180000000000000e+05
7.131510000000000000e+05
7.131690000000000000e+05
7.131850000000000000e+05
7.132020000000000000e+05
7.132190000000000000e+05
7.132360000000000000e+05
7.132670000000000000e+05
7.132870000000000000e+05
7.133050000000000000e+05
7.133200000000000000e+05
7.133400000000000000e+05
7.133520000000000000e+05
7.133690000000000000e+05
7.134030000000000000e+05
7.134370000000000000e+05
7.134700000000000000e+05
7.134860000000000000e+05
7.135040000000000000e+05
7.135210000000000000e+05
7.135390000000000000e+05
7.135720000000000000e+05
7.135880000000000000e+05
7.136230000000000000e+05
7.136570000000000000e+05
7.136720000000000000e+05
7.136880000000000000e+05
7.137230000000000000e+05
7.137400000000000000e+05
7.137740000000000000e+05
7.138380000000000000e+05
7.138570000000000000e+05
7.138730000000000000e+05
7.138890000000000000e+05
7.139080000000000000e+05
7.139270000000000000e+05
7.139750000000000000e+05
7.139920000000000000e+05
7.140100000000000000e+05
7.140300000000000000e+05
7.140400000000000000e+05
7.140670000000000000e+05
7.141030000000000000e+05
7.141320000000000000e+05
7.141480000000000000e+05
7.141700000000000000e+05
7.141980000000000000e+05
7.142150000000000000e+05
7.142310000000000000e+05
7.142490000000000000e+05
7.143000000000000000e+05
7.143160000000000000e+05
7.143470000000000000e+05
7.143660000000000000e+05
7.143810000000000000e+05
7.144160000000000000e+05
7.144330000000000000e+05
7.144970000000000000e+05
7.145140000000000000e+05
7.145330000000000000e+05
7.145980000000000000e+05
7.146180000000000000e+05
7.146310000000000000e+05
7.146510000000000000e+05
7.146850000000000000e+05
7.147000000000000000e+05
7.147150000000000000e+05
7.147510000000000000e+05
7.147650000000000000e+05
7.147810000000000000e+05
7.148000000000000000e+05
7.148320000000000000e+05
7.148820000000000000e+05
7.149160000000000000e+05
7.149310000000000000e+05
7.149490000000000000e+05
7.149660000000000000e+05
7.150000000000000000e+05
7.150170000000000000e+05
7.150330000000000000e+05
7.150480000000000000e+05
7.150820000000000000e+05
7.151000000000000000e+05
7.151160000000000000e+05
7.151500000000000000e+05
7.151670000000000000e+05
7.151830000000000000e+05
7.152160000000000000e+05
7.152660000000000000e+05
7.152850000000000000e+05
7.153190000000000000e+05
7.153350000000000000e+05
7.153680000000000000e+05
7.153960000000000000e+05
7.154350000000000000e+05
7.154550000000000000e+05
7.154860000000000000e+05
7.155040000000000000e+05
7.155200000000000000e+05
7.155360000000000000e+05
7.155540000000000000e+05
7.155740000000000000e+05
7.156040000000000000e+05
7.156370000000000000e+05
7.156560000000000000e+05
7.156870000000000000e+05
7.157050000000000000e+05
7.157210000000000000e+05
7.157550000000000000e+05
7.157720000000000000e+05
7.157890000000000000e+05
7.158060000000000000e+05
7.158230000000000000e+05
7.158370000000000000e+05
7.158560000000000000e+05
7.158720000000000000e+05
7.159070000000000000e+05
7.159230000000000000e+05
7.159400000000000000e+05
7.159560000000000000e+05
7.159720000000000000e+05
7.160080000000000000e+05
7.160250000000000000e+05
7.160390000000000000e+05
7.160570000000000000e+05
7.160710000000000000e+05
7.160990000000000000e+05
7.161140000000000000e+05
7.161320000000000000e+05
7.161500000000000000e+05
7.161800000000000000e+05
7.161990000000000000e+05
7.162140000000000000e+05
7.162490000000000000e+05
7.162640000000000000e+05
7.162820000000000000e+05
7.162980000000000000e+05
7.163300000000000000e+05
7.163480000000000000e+05
7.163630000000000000e+05
7.163830000000000000e+05
7.164080000000000000e+05
7.164340000000000000e+05
7.164480000000000000e+05
7.164640000000000000e+05
7.164990000000000000e+05
7.165150000000000000e+05
7.165320000000000000e+05
7.165490000000000000e+05
7.166300000000000000e+05
7.166490000000000000e+05
7.166660000000000000e+05
7.166800000000000000e+05
7.167170000000000000e+05
7.167320000000000000e+05
7.167480000000000000e+05
7.167810000000000000e+05
7.167980000000000000e+05
7.168130000000000000e+05
7.168480000000000000e+05
7.168640000000000000e+05
7.168810000000000000e+05
7.169000000000000000e+05
7.169310000000000000e+05
7.169490000000000000e+05
7.169630000000000000e+05
7.170000000000000000e+05
7.170160000000000000e+05
7.170300000000000000e+05
7.170980000000000000e+05
7.171140000000000000e+05
7.171320000000000000e+05
7.171660000000000000e+05
7.171810000000000000e+05
7.172000000000000000e+05
7.172160000000000000e+05
7.172350000000000000e+05
7.172510000000000000e+05
7.172830000000000000e+05
7.173010000000000000e+05
7.173180000000000000e+05
7.173500000000000000e+05
7.173660000000000000e+05
7.173840000000000000e+05
7.174180000000000000e+05
7.174350000000000000e+05
7.174580000000000000e+05
7.174700000000000000e+05
7.174850000000000000e+05
7.175210000000000000e+05
7.175360000000000000e+05
7.175700000000000000e+05
7.175860000000000000e+05
7.176020000000000000e+05
7.176220000000000000e+05
7.176370000000000000e+05
7.176730000000000000e+05
7.176850000000000000e+05
7.177030000000000000e+05
7.177220000000000000e+05
7.177550000000000000e+05
7.177730000000000000e+05
7.177870000000000000e+05
7.178200000000000000e+05
7.178420000000000000e+05
7.178530000000000000e+05
7.178720000000000000e+05
7.178880000000000000e+05
7.179060000000000000e+05
7.179200000000000000e+05
7.179400000000000000e+05
7.179580000000000000e+05
7.179720000000000000e+05
7.179910000000000000e+05
7.180080000000000000e+05
7.180240000000000000e+05
7.180510000000000000e+05
7.180800000000000000e+05
7.180960000000000000e+05
7.181290000000000000e+05
7.181460000000000000e+05
7.181660000000000000e+05
7.181820000000000000e+05
7.182160000000000000e+05
7.182300000000000000e+05
7.182460000000000000e+05
7.182640000000000000e+05
7.182810000000000000e+05
7.183310000000000000e+05
7.183460000000000000e+05
7.184130000000000000e+05
7.184500000000000000e+05
7.184640000000000000e+05
7.184790000000000000e+05
7.185140000000000000e+05
7.185300000000000000e+05
7.185450000000000000e+05
7.185620000000000000e+05
7.185970000000000000e+05
7.186140000000000000e+05
7.186300000000000000e+05
7.186470000000000000e+05
7.186800000000000000e+05
7.186970000000000000e+05
7.187130000000000000e+05
7.187460000000000000e+05
7.187620000000000000e+05
7.187790000000000000e+05
7.188120000000000000e+05
7.188300000000000000e+05
7.188470000000000000e+05
7.188640000000000000e+05
7.188790000000000000e+05
7.189130000000000000e+05
7.189300000000000000e+05
7.189480000000000000e+05
7.190120000000000000e+05
7.190310000000000000e+05
7.190470000000000000e+05
7.190650000000000000e+05
7.190990000000000000e+05
7.191150000000000000e+05
7.191520000000000000e+05
7.191640000000000000e+05
7.191980000000000000e+05
7.192150000000000000e+05
7.192350000000000000e+05
7.192490000000000000e+05
7.193170000000000000e+05
7.193670000000000000e+05
7.193850000000000000e+05
7.193990000000000000e+05
7.194330000000000000e+05
7.194840000000000000e+05
7.195180000000000000e+05
7.195350000000000000e+05
7.195510000000000000e+05
7.195840000000000000e+05
7.196000000000000000e+05
7.196210000000000000e+05
7.196520000000000000e+05
7.196690000000000000e+05
7.196920000000000000e+05
7.197200000000000000e+05
7.197370000000000000e+05
7.197530000000000000e+05
7.197910000000000000e+05
7.198110000000000000e+05
7.198240000000000000e+05
7.198470000000000000e+05
7.198600000000000000e+05
7.198860000000000000e+05
7.199060000000000000e+05
7.199220000000000000e+05
7.199400000000000000e+05
7.199890000000000000e+05
7.200080000000000000e+05
7.200410000000000000e+05
7.200970000000000000e+05
7.201140000000000000e+05
7.201300000000000000e+05
7.201460000000000000e+05
7.201620000000000000e+05
7.201960000000000000e+05
7.202170000000000000e+05
7.202300000000000000e+05
7.202630000000000000e+05
7.202800000000000000e+05
7.202970000000000000e+05
7.203320000000000000e+05
7.203470000000000000e+05
7.203630000000000000e+05
7.203780000000000000e+05
7.204140000000000000e+05
7.204510000000000000e+05
7.204620000000000000e+05
7.204960000000000000e+05
7.205120000000000000e+05
7.205630000000000000e+05
7.205810000000000000e+05
7.205970000000000000e+05
7.206120000000000000e+05
7.206640000000000000e+05
7.206950000000000000e+05
7.207280000000000000e+05
7.207460000000000000e+05
7.207650000000000000e+05
7.207790000000000000e+05
7.208110000000000000e+05
7.208300000000000000e+05
7.208460000000000000e+05
7.208800000000000000e+05
7.208970000000000000e+05
7.209300000000000000e+05
7.209470000000000000e+05
7.209630000000000000e+05
7.209840000000000000e+05
7.210110000000000000e+05
7.210310000000000000e+05
7.210470000000000000e+05
7.210800000000000000e+05
7.210950000000000000e+05
7.211150000000000000e+05
7.211490000000000000e+05
7.211650000000000000e+05
7.211800000000000000e+05
7.212140000000000000e+05
7.212310000000000000e+05
7.212650000000000000e+05
7.212810000000000000e+05
7.212980000000000000e+05
7.213330000000000000e+05
7.213470000000000000e+05
7.213830000000000000e+05
7.213980000000000000e+05
7.214170000000000000e+05
7.215150000000000000e+05
7.215350000000000000e+05
7.215510000000000000e+05
7.215840000000000000e+05
7.216010000000000000e+05
7.216190000000000000e+05
7.216520000000000000e+05
7.216660000000000000e+05
7.216870000000000000e+05
7.217210000000000000e+05
7.217350000000000000e+05
7.217520000000000000e+05
7.217680000000000000e+05
7.218210000000000000e+05
7.218530000000000000e+05
7.218610000000000000e+05
7.218850000000000000e+05
7.219040000000000000e+05
7.219210000000000000e+05
7.219390000000000000e+05
7.219520000000000000e+05
7.219710000000000000e+05
7.219880000000000000e+05
7.220030000000000000e+05
7.220220000000000000e+05
7.220430000000000000e+05
7.220550000000000000e+05
7.220640000000000000e+05
7.220940000000000000e+05
7.221110000000000000e+05
7.221290000000000000e+05
7.221640000000000000e+05
7.221770000000000000e+05
7.222110000000000000e+05
7.222280000000000000e+05
7.222460000000000000e+05
7.222780000000000000e+05
7.223010000000000000e+05
7.223310000000000000e+05
7.223780000000000000e+05
7.223960000000000000e+05
7.224150000000000000e+05
7.224310000000000000e+05
7.224620000000000000e+05
7.224790000000000000e+05
7.224980000000000000e+05
7.225150000000000000e+05
7.225450000000000000e+05
7.225630000000000000e+05
7.225910000000000000e+05
7.226040000000000000e+05
7.226140000000000000e+05
7.226630000000000000e+05
7.226790000000000000e+05
7.226950000000000000e+05
7.227290000000000000e+05
7.227460000000000000e+05
7.227600000000000000e+05
7.227960000000000000e+05
7.228120000000000000e+05
7.228450000000000000e+05
7.228620000000000000e+05
7.228770000000000000e+05
7.228950000000000000e+05
7.229110000000000000e+05
7.229290000000000000e+05
7.229610000000000000e+05
7.229790000000000000e+05
7.229950000000000000e+05
7.230180000000000000e+05
7.230480000000000000e+05
7.230610000000000000e+05
7.230800000000000000e+05
7.230940000000000000e+05
7.231160000000000000e+05
7.231450000000000000e+05
7.231650000000000000e+05
7.231970000000000000e+05
7.232130000000000000e+05
7.232310000000000000e+05
7.232480000000000000e+05
7.232810000000000000e+05
7.232970000000000000e+05
7.233160000000000000e+05
7.233480000000000000e+05
7.233650000000000000e+05
7.233800000000000000e+05
7.233980000000000000e+05
7.234300000000000000e+05
7.234480000000000000e+05
7.234730000000000000e+05
7.234990000000000000e+05
7.235150000000000000e+05
7.235350000000000000e+05
7.235490000000000000e+05
7.236170000000000000e+05
7.236330000000000000e+05
7.236500000000000000e+05
7.236660000000000000e+05
7.237220000000000000e+05
7.237340000000000000e+05
7.237490000000000000e+05
7.237680000000000000e+05
7.237850000000000000e+05
7.238040000000000000e+05
7.238350000000000000e+05
7.238520000000000000e+05
7.238690000000000000e+05
7.238860000000000000e+05
7.239030000000000000e+05
7.239370000000000000e+05
7.239530000000000000e+05
7.239710000000000000e+05
7.240030000000000000e+05
7.240210000000000000e+05
7.240350000000000000e+05
7.240630000000000000e+05
7.240780000000000000e+05
7.241100000000000000e+05
7.241280000000000000e+05
7.241440000000000000e+05
7.241810000000000000e+05
7.242050000000000000e+05
7.242160000000000000e+05
7.242300000000000000e+05
7.242440000000000000e+05
7.242600000000000000e+05
7.243270000000000000e+05
7.243620000000000000e+05
7.243770000000000000e+05
7.243940000000000000e+05
7.244120000000000000e+05
7.244290000000000000e+05
7.244620000000000000e+05
7.244850000000000000e+05
7.245100000000000000e+05
7.245280000000000000e+05
7.245610000000000000e+05
7.245780000000000000e+05
7.245940000000000000e+05
7.246280000000000000e+05
7.246430000000000000e+05
7.246790000000000000e+05
7.246960000000000000e+05
7.247110000000000000e+05
7.247440000000000000e+05
7.247640000000000000e+05
7.247950000000000000e+05
7.248120000000000000e+05
7.248260000000000000e+05
7.248610000000000000e+05
7.248780000000000000e+05
7.248950000000000000e+05
7.249110000000000000e+05
7.249270000000000000e+05
7.249430000000000000e+05
7.249770000000000000e+05
7.249950000000000000e+05
7.250120000000000000e+05
7.250280000000000000e+05
7.250440000000000000e+05
7.250610000000000000e+05
7.250960000000000000e+05
7.251140000000000000e+05
7.251290000000000000e+05
7.251450000000000000e+05
7.251780000000000000e+05
7.251950000000000000e+05
7.252190000000000000e+05
7.252450000000000000e+05
7.252630000000000000e+05
7.252810000000000000e+05
7.253140000000000000e+05
7.253540000000000000e+05
7.253650000000000000e+05
7.253800000000000000e+05
7.254820000000000000e+05
7.254980000000000000e+05
7.255160000000000000e+05
7.255320000000000000e+05
7.255490000000000000e+05
7.255820000000000000e+05
7.255980000000000000e+05
7.256560000000000000e+05
7.257160000000000000e+05
7.257340000000000000e+05
7.257510000000000000e+05
7.258060000000000000e+05
7.258170000000000000e+05
7.258320000000000000e+05
7.258680000000000000e+05
7.258850000000000000e+05
7.259020000000000000e+05
7.259170000000000000e+05
7.259530000000000000e+05
7.259700000000000000e+05
7.260030000000000000e+05
7.260180000000000000e+05
7.260510000000000000e+05
7.260680000000000000e+05
7.260970000000000000e+05
7.261100000000000000e+05
7.261430000000000000e+05
7.261600000000000000e+05
7.261760000000000000e+05
7.262110000000000000e+05
7.262270000000000000e+05
7.262430000000000000e+05
7.262760000000000000e+05
7.262940000000000000e+05
7.263120000000000000e+05
7.263430000000000000e+05
7.263610000000000000e+05
7.263770000000000000e+05
7.264090000000000000e+05
7.264590000000000000e+05
7.264790000000000000e+05
7.265100000000000000e+05
7.265280000000000000e+05
7.265780000000000000e+05
7.265930000000000000e+05
7.266090000000000000e+05
7.266260000000000000e+05
7.266610000000000000e+05
7.267090000000000000e+05
7.267260000000000000e+05
7.267430000000000000e+05
7.267610000000000000e+05
7.267920000000000000e+05
7.268110000000000000e+05
7.268280000000000000e+05
7.268450000000000000e+05
7.268610000000000000e+05
7.268950000000000000e+05
7.269100000000000000e+05
7.269270000000000000e+05
7.270100000000000000e+05
7.270270000000000000e+05
7.270490000000000000e+05
7.270790000000000000e+05
7.270980000000000000e+05
7.271160000000000000e+05
7.271280000000000000e+05
7.271620000000000000e+05
7.271800000000000000e+05
7.271950000000000000e+05
7.272440000000000000e+05
