1.646870000000000000e+05
1.647090000000000000e+05
1.647210000000000000e+05
1.647540000000000000e+05
1.647720000000000000e+05
1.647870000000000000e+05
1.648610000000000000e+05
1.648750000000000000e+05
1.649060000000000000e+05
1.649200000000000000e+05
1.649540000000000000e+05
1.649700000000000000e+05
1.649870000000000000e+05
1.650060000000000000e+05
1.650400000000000000e+05
1.650550000000000000e+05
1.650730000000000000e+05
1.650920000000000000e+05
1.651250000000000000e+05
1.651410000000000000e+05
1.651760000000000000e+05
1.651900000000000000e+05
1.652030000000000000e+05
1.652210000000000000e+05
1.652420000000000000e+05
1.652630000000000000e+05
1.652740000000000000e+05
1.653060000000000000e+05
1.653220000000000000e+05
1.653380000000000000e+05
1.653580000000000000e+05
1.653740000000000000e+05
1.654060000000000000e+05
1.654230000000000000e+05
1.654400000000000000e+05
1.654550000000000000e+05
1.654730000000000000e+05
1.655740000000000000e+05
1.656050000000000000e+05
1.656250000000000000e+05
1.656410000000000000e+05
1.656580000000000000e+05
1.656920000000000000e+05
1.657080000000000000e+05
1.657770000000000000e+05
1.657930000000000000e+05
1.658110000000000000e+05
1.658250000000000000e+05
1.658440000000000000e+05
1.658580000000000000e+05
1.658750000000000000e+05
1.659120000000000000e+05
1.659250000000000000e+05
1.659470000000000000e+05
1.659840000000000000e+05
1.659980000000000000e+05
1.660290000000000000e+05
1.660590000000000000e+05
1.660810000000000000e+05
1.660950000000000000e+05
1.661290000000000000e+05
1.661450000000000000e+05
1.661640000000000000e+05
1.661840000000000000e+05
1.661980000000000000e+05
1.662320000000000000e+05
1.662460000000000000e+05
1.662620000000000000e+05
1.662780000000000000e+05
1.663140000000000000e+05
1.663230000000000000e+05
1.663390000000000000e+05
1.663530000000000000e+05
1.663700000000000000e+05
1.663870000000000000e+05
1.664030000000000000e+05
1.664200000000000000e+05
1.664380000000000000e+05
1.664530000000000000e+05
1.664890000000000000e+05
1.665370000000000000e+05
1.665550000000000000e+05
1.665760000000000000e+05
1.666050000000000000e+05
1.666220000000000000e+05
1.666360000000000000e+05
1.666700000000000000e+05
1.666880000000000000e+05
1.667080000000000000e+05
1.667380000000000000e+05
1.667540000000000000e+05
1.667710000000000000e+05
1.667880000000000000e+05
1.668020000000000000e+05
1.668210000000000000e+05
1.668370000000000000e+05
1.668700000000000000e+05
1.668880000000000000e+05
1.669050000000000000e+05
1.669380000000000000e+05
1.669550000000000000e+05
1.669730000000000000e+05
1.670030000000000000e+05
1.670190000000000000e+05
1.670530000000000000e+05
1.670870000000000000e+05
1.671200000000000000e+05
1.671400000000000000e+05
1.671600000000000000e+05
1.671800000000000000e+05
1.672060000000000000e+05
1.672200000000000000e+05
1.672530000000000000e+05
1.672720000000000000e+05
1.673360000000000000e+05
1.673540000000000000e+05
1.673710000000000000e+05
1.674060000000000000e+05
1.674210000000000000e+05
1.674410000000000000e+05
1.674730000000000000e+05
1.674880000000000000e+05
1.675090000000000000e+05
1.675380000000000000e+05
1.675580000000000000e+05
1.675920000000000000e+05
1.676050000000000000e+05
1.676220000000000000e+05
1.676410000000000000e+05
1.676610000000000000e+05
1.676730000000000000e+05
1.677090000000000000e+05
1.677390000000000000e+05
1.677580000000000000e+05
1.677730000000000000e+05
1.678430000000000000e+05
1.678750000000000000e+05
1.678920000000000000e+05
1.679110000000000000e+05
1.679330000000000000e+05
1.679630000000000000e+05
1.679760000000000000e+05
1.679940000000000000e+05
1.680150000000000000e+05
1.680940000000000000e+05
1.681090000000000000e+05
1.681260000000000000e+05
1.681430000000000000e+05
1.681650000000000000e+05
1.681780000000000000e+05
1.682100000000000000e+05
1.682260000000000000e+05
1.682450000000000000e+05
1.682600000000000000e+05
1.682780000000000000e+05
1.682950000000000000e+05
1.683300000000000000e+05
1.683610000000000000e+05
1.684040000000000000e+05
1.684200000000000000e+05
1.684350000000000000e+05
1.684530000000000000e+05
1.684860000000000000e+05
1.685100000000000000e+05
1.685230000000000000e+05
1.685430000000000000e+05
1.685860000000000000e+05
1.686850000000000000e+05
1.687030000000000000e+05
1.687180000000000000e+05
1.687530000000000000e+05
1.687690000000000000e+05
1.687850000000000000e+05
1.688030000000000000e+05
1.688210000000000000e+05
1.688380000000000000e+05
1.688730000000000000e+05
1.688850000000000000e+05
1.689020000000000000e+05
1.689190000000000000e+05
1.689340000000000000e+05
1.689530000000000000e+05
1.689870000000000000e+05
1.690020000000000000e+05
1.690180000000000000e+05
1.690380000000000000e+05
1.690730000000000000e+05
1.690890000000000000e+05
1.691200000000000000e+05
1.691350000000000000e+05
1.691540000000000000e+05
1.691720000000000000e+05
1.692040000000000000e+05
1.692190000000000000e+05
1.692370000000000000e+05
1.692700000000000000e+05
1.692860000000000000e+05
1.693040000000000000e+05
1.693210000000000000e+05
1.693540000000000000e+05
1.693710000000000000e+05
1.694050000000000000e+05
1.694260000000000000e+05
1.694370000000000000e+05
1.694530000000000000e+05
1.694890000000000000e+05
1.695110000000000000e+05
1.695580000000000000e+05
1.695720000000000000e+05
1.696060000000000000e+05
1.696230000000000000e+05
1.696410000000000000e+05
1.696550000000000000e+05
1.696740000000000000e+05
1.696910000000000000e+05
1.697050000000000000e+05
1.697300000000000000e+05
1.697550000000000000e+05
1.697740000000000000e+05
1.697920000000000000e+05
1.698260000000000000e+05
1.698420000000000000e+05
1.698590000000000000e+05
1.698740000000000000e+05
1.698920000000000000e+05
1.699270000000000000e+05
1.699420000000000000e+05
1.699570000000000000e+05
1.699760000000000000e+05
1.700090000000000000e+05
1.700270000000000000e+05
1.700430000000000000e+05
1.700600000000000000e+05
1.700910000000000000e+05
1.701130000000000000e+05
1.701250000000000000e+05
1.701430000000000000e+05
1.701610000000000000e+05
1.701920000000000000e+05
1.702130000000000000e+05
1.702280000000000000e+05
1.702450000000000000e+05
1.702590000000000000e+05
1.702790000000000000e+05
1.702950000000000000e+05
1.703170000000000000e+05
1.703920000000000000e+05
1.704070000000000000e+05
1.704200000000000000e+05
1.704530000000000000e+05
1.704690000000000000e+05
1.704860000000000000e+05
1.705170000000000000e+05
1.705350000000000000e+05
1.705690000000000000e+05
1.705870000000000000e+05
1.706200000000000000e+05
1.706350000000000000e+05
1.706540000000000000e+05
1.706850000000000000e+05
1.707040000000000000e+05
1.707350000000000000e+05
1.707700000000000000e+05
1.707870000000000000e+05
1.708360000000000000e+05
1.708520000000000000e+05
1.708870000000000000e+05
1.709060000000000000e+05
1.709220000000000000e+05
1.709530000000000000e+05
1.709680000000000000e+05
1.709850000000000000e+05
1.710020000000000000e+05
1.710340000000000000e+05
1.710520000000000000e+05
1.710690000000000000e+05
1.710860000000000000e+05
1.711020000000000000e+05
1.711220000000000000e+05
1.711340000000000000e+05
1.711700000000000000e+05
1.711850000000000000e+05
1.712010000000000000e+05
1.712170000000000000e+05
1.712370000000000000e+05
1.712520000000000000e+05
1.712700000000000000e+05
1.713180000000000000e+05
1.713380000000000000e+05
1.713530000000000000e+05
1.714220000000000000e+05
1.714390000000000000e+05
1.714690000000000000e+05
1.714900000000000000e+05
1.715080000000000000e+05
1.715390000000000000e+05
1.715690000000000000e+05
1.715890000000000000e+05
1.716080000000000000e+05
1.716210000000000000e+05
1.716390000000000000e+05
1.716570000000000000e+05
1.716720000000000000e+05
1.716890000000000000e+05
1.717070000000000000e+05
1.717380000000000000e+05
1.717560000000000000e+05
1.717710000000000000e+05
1.717870000000000000e+05
1.718210000000000000e+05
1.718400000000000000e+05
1.718560000000000000e+05
1.718740000000000000e+05
1.718920000000000000e+05
1.719100000000000000e+05
1.719760000000000000e+05
1.719900000000000000e+05
1.720250000000000000e+05
1.720420000000000000e+05
1.720580000000000000e+05
1.720930000000000000e+05
1.721080000000000000e+05
1.721240000000000000e+05
1.721430000000000000e+05
1.721750000000000000e+05
1.721910000000000000e+05
1.722100000000000000e+05
1.722290000000000000e+05
1.722440000000000000e+05
1.722690000000000000e+05
1.722820000000000000e+05
1.723110000000000000e+05
1.723270000000000000e+05
1.723390000000000000e+05
1.723680000000000000e+05
1.723830000000000000e+05
1.724190000000000000e+05
1.724360000000000000e+05
1.724530000000000000e+05
1.724690000000000000e+05
1.725020000000000000e+05
1.725180000000000000e+05
1.725360000000000000e+05
1.725500000000000000e+05
1.725850000000000000e+05
1.726010000000000000e+05
1.726180000000000000e+05
1.726350000000000000e+05
1.726680000000000000e+05
1.726840000000000000e+05
1.727030000000000000e+05
1.727180000000000000e+05
1.727520000000000000e+05
1.727680000000000000e+05
1.728020000000000000e+05
1.728170000000000000e+05
1.728850000000000000e+05
1.729020000000000000e+05
1.729160000000000000e+05
1.729330000000000000e+05
1.729680000000000000e+05
1.729870000000000000e+05
1.730010000000000000e+05
1.730330000000000000e+05
1.730510000000000000e+05
1.730850000000000000e+05
1.731020000000000000e+05
1.731180000000000000e+05
1.731520000000000000e+05
1.731680000000000000e+05
1.731830000000000000e+05
1.732030000000000000e+05
1.732520000000000000e+05
1.732680000000000000e+05
1.733030000000000000e+05
1.733180000000000000e+05
1.733350000000000000e+05
1.733690000000000000e+05
1.733870000000000000e+05
1.734020000000000000e+05
1.734200000000000000e+05
1.734530000000000000e+05
1.734680000000000000e+05
1.734870000000000000e+05
1.735040000000000000e+05
1.735370000000000000e+05
1.735710000000000000e+05
1.735870000000000000e+05
1.736030000000000000e+05
1.736220000000000000e+05
1.736360000000000000e+05
1.736720000000000000e+05
1.736890000000000000e+05
1.737050000000000000e+05
1.737300000000000000e+05
1.737400000000000000e+05
1.737720000000000000e+05
1.737910000000000000e+05
1.738280000000000000e+05
1.738410000000000000e+05
1.738740000000000000e+05
1.738880000000000000e+05
1.739580000000000000e+05
1.739740000000000000e+05
1.740090000000000000e+05
1.740240000000000000e+05
1.740410000000000000e+05
1.740730000000000000e+05
1.740890000000000000e+05
1.741090000000000000e+05
1.741410000000000000e+05
1.741570000000000000e+05
1.741910000000000000e+05
1.742090000000000000e+05
1.742260000000000000e+05
1.742430000000000000e+05
1.742570000000000000e+05
1.742740000000000000e+05
1.742940000000000000e+05
1.743250000000000000e+05
1.743370000000000000e+05
1.743510000000000000e+05
1.743670000000000000e+05
1.743830000000000000e+05
1.744010000000000000e+05
1.744200000000000000e+05
1.744520000000000000e+05
1.744680000000000000e+05
1.744860000000000000e+05
1.745020000000000000e+05
1.745180000000000000e+05
1.745350000000000000e+05
1.745520000000000000e+05
1.745850000000000000e+05
1.746000000000000000e+05
1.746210000000000000e+05
1.746330000000000000e+05
1.746680000000000000e+05
1.746840000000000000e+05
1.747010000000000000e+05
1.747690000000000000e+05
1.747860000000000000e+05
1.748000000000000000e+05
1.748170000000000000e+05
1.748510000000000000e+05
1.748670000000000000e+05
1.748860000000000000e+05
1.749160000000000000e+05
1.749340000000000000e+05
1.749510000000000000e+05
1.749840000000000000e+05
1.750010000000000000e+05
1.750840000000000000e+05
1.751000000000000000e+05
1.751330000000000000e+05
1.751510000000000000e+05
1.751660000000000000e+05
1.751820000000000000e+05
1.752000000000000000e+05
1.752340000000000000e+05
1.752510000000000000e+05
1.752650000000000000e+05
1.753010000000000000e+05
1.753170000000000000e+05
1.753520000000000000e+05
1.753700000000000000e+05
1.753840000000000000e+05
1.754190000000000000e+05
1.754330000000000000e+05
1.754710000000000000e+05
1.754890000000000000e+05
1.755030000000000000e+05
1.755200000000000000e+05
1.755530000000000000e+05
1.755680000000000000e+05
1.756030000000000000e+05
1.756170000000000000e+05
1.756370000000000000e+05
1.756710000000000000e+05
1.756880000000000000e+05
1.757070000000000000e+05
1.757380000000000000e+05
1.757560000000000000e+05
1.758040000000000000e+05
1.758220000000000000e+05
1.758400000000000000e+05
1.758550000000000000e+05
1.758910000000000000e+05
1.759060000000000000e+05
1.759230000000000000e+05
1.759560000000000000e+05
1.759730000000000000e+05
1.759900000000000000e+05
1.760080000000000000e+05
1.760240000000000000e+05
1.760540000000000000e+05
1.760730000000000000e+05
1.760890000000000000e+05
1.761380000000000000e+05
1.761580000000000000e+05
1.761900000000000000e+05
1.762080000000000000e+05
1.762240000000000000e+05
1.762420000000000000e+05
1.762580000000000000e+05
1.762750000000000000e+05
1.762920000000000000e+05
1.763060000000000000e+05
1.763230000000000000e+05
1.763440000000000000e+05
1.763660000000000000e+05
1.763850000000000000e+05
1.764170000000000000e+05
1.764320000000000000e+05
1.764480000000000000e+05
1.764680000000000000e+05
1.764890000000000000e+05
1.765030000000000000e+05
1.765170000000000000e+05
1.765320000000000000e+05
1.765650000000000000e+05
1.765840000000000000e+05
1.766150000000000000e+05
1.766330000000000000e+05
1.766680000000000000e+05
1.766850000000000000e+05
1.767000000000000000e+05
1.767170000000000000e+05
1.767350000000000000e+05
1.767480000000000000e+05
1.767650000000000000e+05
1.767850000000000000e+05
1.768040000000000000e+05
1.768320000000000000e+05
1.768490000000000000e+05
1.768650000000000000e+05
1.768830000000000000e+05
1.769160000000000000e+05
1.769350000000000000e+05
1.769500000000000000e+05
1.769660000000000000e+05
1.769990000000000000e+05
1.770170000000000000e+05
1.770360000000000000e+05
1.770480000000000000e+05
1.770650000000000000e+05
1.770810000000000000e+05
1.771330000000000000e+05
1.771500000000000000e+05
1.771650000000000000e+05
1.772150000000000000e+05
1.772500000000000000e+05
1.772650000000000000e+05
1.772820000000000000e+05
1.772990000000000000e+05
1.773340000000000000e+05
1.773500000000000000e+05
1.773670000000000000e+05
1.773980000000000000e+05
1.774170000000000000e+05
1.774330000000000000e+05
1.774490000000000000e+05
1.774660000000000000e+05
1.774890000000000000e+05
1.775170000000000000e+05
1.775320000000000000e+05
1.775520000000000000e+05
1.775860000000000000e+05
1.776020000000000000e+05
1.776170000000000000e+05
1.776400000000000000e+05
1.776720000000000000e+05
1.776870000000000000e+05
1.777170000000000000e+05
1.777350000000000000e+05
1.777550000000000000e+05
1.778250000000000000e+05
1.778360000000000000e+05
1.778540000000000000e+05
1.778890000000000000e+05
1.779050000000000000e+05
1.779220000000000000e+05
1.779550000000000000e+05
1.779880000000000000e+05
1.780050000000000000e+05
1.780210000000000000e+05
1.780400000000000000e+05
1.780760000000000000e+05
1.780900000000000000e+05
1.781060000000000000e+05
1.781400000000000000e+05
1.781580000000000000e+05
1.781740000000000000e+05
1.782070000000000000e+05
1.782240000000000000e+05
1.782380000000000000e+05
1.783230000000000000e+05
1.783580000000000000e+05
1.783700000000000000e+05
1.783820000000000000e+05
1.784150000000000000e+05
1.784660000000000000e+05
1.784870000000000000e+05
1.785170000000000000e+05
1.785310000000000000e+05
1.785680000000000000e+05
1.785810000000000000e+05
1.785990000000000000e+05
1.786170000000000000e+05
1.786490000000000000e+05
1.786650000000000000e+05
1.786830000000000000e+05
1.786970000000000000e+05
1.787150000000000000e+05
1.787320000000000000e+05
1.787810000000000000e+05
1.787970000000000000e+05
1.788160000000000000e+05
1.788490000000000000e+05
1.788660000000000000e+05
1.788820000000000000e+05
1.788990000000000000e+05
1.789140000000000000e+05
1.789330000000000000e+05
1.789500000000000000e+05
1.789810000000000000e+05
1.790200000000000000e+05
1.790350000000000000e+05
1.790470000000000000e+05
1.790650000000000000e+05
1.790820000000000000e+05
1.791160000000000000e+05
1.791320000000000000e+05
1.791490000000000000e+05
1.791800000000000000e+05
1.791980000000000000e+05
1.792150000000000000e+05
1.792320000000000000e+05
1.792660000000000000e+05
1.792820000000000000e+05
1.792990000000000000e+05
1.793140000000000000e+05
1.793470000000000000e+05
1.793830000000000000e+05
1.794320000000000000e+05
1.794480000000000000e+05
1.794650000000000000e+05
1.794830000000000000e+05
1.795160000000000000e+05
1.795330000000000000e+05
1.795490000000000000e+05
1.795670000000000000e+05
1.795820000000000000e+05
1.796020000000000000e+05
1.796560000000000000e+05
1.796690000000000000e+05
1.796840000000000000e+05
1.797030000000000000e+05
1.797170000000000000e+05
1.797530000000000000e+05
1.797680000000000000e+05
1.797840000000000000e+05
1.798020000000000000e+05
1.798350000000000000e+05
1.798520000000000000e+05
1.798700000000000000e+05
1.799030000000000000e+05
1.799220000000000000e+05
1.799360000000000000e+05
1.799540000000000000e+05
1.799720000000000000e+05
1.800100000000000000e+05
1.800370000000000000e+05
1.800550000000000000e+05
1.800750000000000000e+05
1.800880000000000000e+05
1.801400000000000000e+05
1.801540000000000000e+05
1.802080000000000000e+05
1.802170000000000000e+05
1.802400000000000000e+05
1.802640000000000000e+05
1.802760000000000000e+05
1.802890000000000000e+05
1.803070000000000000e+05
1.803230000000000000e+05
1.803590000000000000e+05
1.803710000000000000e+05
1.804010000000000000e+05
1.804160000000000000e+05
1.804330000000000000e+05
1.804650000000000000e+05
1.804800000000000000e+05
1.804960000000000000e+05
1.805140000000000000e+05
1.805310000000000000e+05
1.805640000000000000e+05
1.805860000000000000e+05
1.805980000000000000e+05
1.806130000000000000e+05
1.806490000000000000e+05
1.806650000000000000e+05
1.806980000000000000e+05
1.807150000000000000e+05
1.807310000000000000e+05
1.807480000000000000e+05
1.807820000000000000e+05
1.807970000000000000e+05
1.808160000000000000e+05
1.808320000000000000e+05
1.808630000000000000e+05
1.808800000000000000e+05
1.809040000000000000e+05
1.809180000000000000e+05
1.809480000000000000e+05
1.809650000000000000e+05
1.809820000000000000e+05
1.809970000000000000e+05
1.810310000000000000e+05
1.810490000000000000e+05
1.810640000000000000e+05
1.810980000000000000e+05
1.811140000000000000e+05
1.811290000000000000e+05
1.811490000000000000e+05
1.811650000000000000e+05
1.811810000000000000e+05
1.812120000000000000e+05
1.812310000000000000e+05
1.812460000000000000e+05
1.812650000000000000e+05
1.813150000000000000e+05
1.813300000000000000e+05
1.813470000000000000e+05
1.813850000000000000e+05
1.813970000000000000e+05
1.814160000000000000e+05
1.814300000000000000e+05
1.814520000000000000e+05
1.814660000000000000e+05
1.814820000000000000e+05
1.815010000000000000e+05
1.815390000000000000e+05
1.815980000000000000e+05
1.816220000000000000e+05
1.816510000000000000e+05
1.816670000000000000e+05
1.816850000000000000e+05
1.817190000000000000e+05
1.817350000000000000e+05
1.817690000000000000e+05
1.817850000000000000e+05
1.818010000000000000e+05
1.818220000000000000e+05
1.818520000000000000e+05
1.818710000000000000e+05
1.818860000000000000e+05
1.819040000000000000e+05
1.819340000000000000e+05
1.819530000000000000e+05
1.819860000000000000e+05
1.820050000000000000e+05
1.820200000000000000e+05
1.820460000000000000e+05
1.820710000000000000e+05
1.820880000000000000e+05
1.821040000000000000e+05
1.821240000000000000e+05
1.821450000000000000e+05
1.821710000000000000e+05
1.821870000000000000e+05
1.822030000000000000e+05
1.822230000000000000e+05
1.822450000000000000e+05
1.822710000000000000e+05
1.823070000000000000e+05
1.823240000000000000e+05
1.823570000000000000e+05
1.823720000000000000e+05
1.824010000000000000e+05
1.824150000000000000e+05
1.824300000000000000e+05
1.824460000000000000e+05
1.824620000000000000e+05
1.824790000000000000e+05
1.824980000000000000e+05
1.825130000000000000e+05
1.825300000000000000e+05
1.825630000000000000e+05
1.825810000000000000e+05
1.825970000000000000e+05
1.826150000000000000e+05
1.826350000000000000e+05
1.826480000000000000e+05
1.826830000000000000e+05
1.827010000000000000e+05
1.827130000000000000e+05
1.827290000000000000e+05
1.827490000000000000e+05
1.827780000000000000e+05
1.827960000000000000e+05
1.828140000000000000e+05
1.828480000000000000e+05
1.828640000000000000e+05
1.828800000000000000e+05
1.828990000000000000e+05
1.829120000000000000e+05
1.829300000000000000e+05
1.829480000000000000e+05
1.829800000000000000e+05
1.829950000000000000e+05
1.830120000000000000e+05
1.830320000000000000e+05
1.830460000000000000e+05
1.830790000000000000e+05
1.830960000000000000e+05
1.831180000000000000e+05
1.831350000000000000e+05
1.831650000000000000e+05
1.831810000000000000e+05
1.831970000000000000e+05
1.832140000000000000e+05
1.832480000000000000e+05
1.832620000000000000e+05
1.832810000000000000e+05
1.833120000000000000e+05
1.833290000000000000e+05
1.833450000000000000e+05
1.833850000000000000e+05
1.834320000000000000e+05
1.834650000000000000e+05
1.834810000000000000e+05
1.834970000000000000e+05
1.835150000000000000e+05
1.835470000000000000e+05
1.835680000000000000e+05
1.835820000000000000e+05
1.835980000000000000e+05
1.836340000000000000e+05
1.836510000000000000e+05
1.836670000000000000e+05
1.836850000000000000e+05
1.836980000000000000e+05
1.837170000000000000e+05
1.837320000000000000e+05
1.837510000000000000e+05
1.837840000000000000e+05
1.838010000000000000e+05
1.838190000000000000e+05
1.838360000000000000e+05
1.838520000000000000e+05
1.838680000000000000e+05
1.838890000000000000e+05
1.839020000000000000e+05
1.840010000000000000e+05
1.840200000000000000e+05
1.840380000000000000e+05
1.840510000000000000e+05
1.841210000000000000e+05
1.841420000000000000e+05
1.841530000000000000e+05
1.841700000000000000e+05
1.841890000000000000e+05
1.842090000000000000e+05
1.842340000000000000e+05
1.842450000000000000e+05
1.843290000000000000e+05
1.843420000000000000e+05
1.843560000000000000e+05
1.843800000000000000e+05
1.843910000000000000e+05
1.844070000000000000e+05
1.844340000000000000e+05
1.844480000000000000e+05
1.844640000000000000e+05
1.845010000000000000e+05
1.845670000000000000e+05
1.845810000000000000e+05
1.846170000000000000e+05
1.846310000000000000e+05
1.846470000000000000e+05
1.846610000000000000e+05
1.846800000000000000e+05
1.846950000000000000e+05
1.847290000000000000e+05
1.847460000000000000e+05
1.847620000000000000e+05
1.847790000000000000e+05
1.847950000000000000e+05
1.848460000000000000e+05
1.848810000000000000e+05
1.848960000000000000e+05
1.849110000000000000e+05
1.849470000000000000e+05
1.849630000000000000e+05
1.849810000000000000e+05
1.849940000000000000e+05
1.850110000000000000e+05
1.850470000000000000e+05
1.850610000000000000e+05
1.850780000000000000e+05
1.850960000000000000e+05
1.851120000000000000e+05
1.851470000000000000e+05
1.851660000000000000e+05
1.851780000000000000e+05
1.852110000000000000e+05
1.852270000000000000e+05
1.852450000000000000e+05
1.852770000000000000e+05
1.853140000000000000e+05
1.853270000000000000e+05
1.853460000000000000e+05
1.853620000000000000e+05
1.853940000000000000e+05
1.854140000000000000e+05
1.854340000000000000e+05
1.854630000000000000e+05
1.854800000000000000e+05
1.854960000000000000e+05
1.855300000000000000e+05
1.855480000000000000e+05
1.855660000000000000e+05
1.855810000000000000e+05
1.855990000000000000e+05
1.856210000000000000e+05
1.856510000000000000e+05
1.856640000000000000e+05
1.856840000000000000e+05
1.856970000000000000e+05
1.857310000000000000e+05
1.857500000000000000e+05
1.857660000000000000e+05
1.858040000000000000e+05
1.858150000000000000e+05
1.858330000000000000e+05
1.858490000000000000e+05
1.858670000000000000e+05
1.859030000000000000e+05
1.859160000000000000e+05
1.859350000000000000e+05
1.859530000000000000e+05
1.859850000000000000e+05
1.860010000000000000e+05
1.860180000000000000e+05
1.860480000000000000e+05
1.860700000000000000e+05
1.860880000000000000e+05
1.861350000000000000e+05
1.861510000000000000e+05
1.861870000000000000e+05
1.862010000000000000e+05
1.862220000000000000e+05
1.862370000000000000e+05
1.862540000000000000e+05
1.862880000000000000e+05
1.863030000000000000e+05
1.863190000000000000e+05
1.863450000000000000e+05
1.863580000000000000e+05
1.863880000000000000e+05
1.863990000000000000e+05
1.864160000000000000e+05
1.864450000000000000e+05
1.864610000000000000e+05
1.864790000000000000e+05
1.865120000000000000e+05
1.865830000000000000e+05
1.865970000000000000e+05
1.866120000000000000e+05
1.866290000000000000e+05
1.866440000000000000e+05
1.866630000000000000e+05
1.866790000000000000e+05
1.866970000000000000e+05
1.867140000000000000e+05
1.867460000000000000e+05
1.867620000000000000e+05
1.867960000000000000e+05
1.868120000000000000e+05
1.868300000000000000e+05
1.868440000000000000e+05
1.868620000000000000e+05
1.869100000000000000e+05
1.869630000000000000e+05
1.869780000000000000e+05
1.869950000000000000e+05
1.870290000000000000e+05
1.870440000000000000e+05
1.870630000000000000e+05
1.870830000000000000e+05
1.870970000000000000e+05
1.871270000000000000e+05
1.871450000000000000e+05
1.871630000000000000e+05
1.871950000000000000e+05
1.872130000000000000e+05
1.872290000000000000e+05
1.872650000000000000e+05
1.872780000000000000e+05
1.872930000000000000e+05
1.873120000000000000e+05
1.873300000000000000e+05
1.873600000000000000e+05
1.873790000000000000e+05
1.874130000000000000e+05
1.874330000000000000e+05
1.874660000000000000e+05
1.874770000000000000e+05
1.874960000000000000e+05
1.875330000000000000e+05
1.875470000000000000e+05
1.875790000000000000e+05
1.875980000000000000e+05
1.876150000000000000e+05
1.876320000000000000e+05
1.876490000000000000e+05
1.876650000000000000e+05
1.876820000000000000e+05
1.877130000000000000e+05
1.877360000000000000e+05
1.877570000000000000e+05
1.877830000000000000e+05
1.877980000000000000e+05
1.878320000000000000e+05
1.878520000000000000e+05
1.878830000000000000e+05
1.879020000000000000e+05
1.879170000000000000e+05
1.879320000000000000e+05
1.879840000000000000e+05
1.880180000000000000e+05
1.880320000000000000e+05
1.880490000000000000e+05
1.880660000000000000e+05
1.880850000000000000e+05
1.881180000000000000e+05
1.881360000000000000e+05
1.881690000000000000e+05
1.881840000000000000e+05
1.882040000000000000e+05
1.882170000000000000e+05
1.882530000000000000e+05
1.882700000000000000e+05
1.883210000000000000e+05
1.883380000000000000e+05
1.883520000000000000e+05
1.883710000000000000e+05
1.883870000000000000e+05
1.884010000000000000e+05
1.884220000000000000e+05
1.884450000000000000e+05
1.884600000000000000e+05
1.884950000000000000e+05
1.885100000000000000e+05
1.885260000000000000e+05
1.885440000000000000e+05
1.885620000000000000e+05
1.886120000000000000e+05
1.886280000000000000e+05
1.886430000000000000e+05
1.886590000000000000e+05
1.886770000000000000e+05
1.886950000000000000e+05
1.887110000000000000e+05
1.887460000000000000e+05
1.887590000000000000e+05
1.887780000000000000e+05
1.887940000000000000e+05
1.888110000000000000e+05
1.888280000000000000e+05
1.888610000000000000e+05
1.888930000000000000e+05
1.889120000000000000e+05
1.889450000000000000e+05
1.889610000000000000e+05
1.889770000000000000e+05
1.889930000000000000e+05
1.890140000000000000e+05
1.890460000000000000e+05
1.890620000000000000e+05
1.890780000000000000e+05
1.890930000000000000e+05
1.891120000000000000e+05
1.891420000000000000e+05
1.891780000000000000e+05
1.891920000000000000e+05
1.892090000000000000e+05
1.892270000000000000e+05
1.892600000000000000e+05
1.892770000000000000e+05
1.892920000000000000e+05
1.893090000000000000e+05
1.893260000000000000e+05
1.893420000000000000e+05
1.893790000000000000e+05
1.894020000000000000e+05
1.894170000000000000e+05
1.894450000000000000e+05
1.894620000000000000e+05
1.894790000000000000e+05
1.895280000000000000e+05
1.895450000000000000e+05
1.895620000000000000e+05
1.895800000000000000e+05
1.896130000000000000e+05
1.896290000000000000e+05
1.896460000000000000e+05
1.896640000000000000e+05
1.896970000000000000e+05
1.897140000000000000e+05
1.897310000000000000e+05
1.897650000000000000e+05
1.897780000000000000e+05
1.897980000000000000e+05
1.898150000000000000e+05
1.898320000000000000e+05
1.898470000000000000e+05
1.898810000000000000e+05
1.898990000000000000e+05
1.899370000000000000e+05
1.899470000000000000e+05
1.899640000000000000e+05
1.899840000000000000e+05
1.900160000000000000e+05
1.900350000000000000e+05
1.900500000000000000e+05
1.900670000000000000e+05
1.901000000000000000e+05
1.901210000000000000e+05
1.901330000000000000e+05
1.901690000000000000e+05
1.901830000000000000e+05
1.902000000000000000e+05
1.902340000000000000e+05
1.902520000000000000e+05
1.902680000000000000e+05
1.902830000000000000e+05
1.903020000000000000e+05
1.903200000000000000e+05
1.903350000000000000e+05
1.903690000000000000e+05
1.903860000000000000e+05
1.904020000000000000e+05
1.904210000000000000e+05
1.904440000000000000e+05
1.904610000000000000e+05
1.904770000000000000e+05
1.904950000000000000e+05
1.905100000000000000e+05
1.905270000000000000e+05
1.905600000000000000e+05
1.905770000000000000e+05
1.905960000000000000e+05
1.906090000000000000e+05
1.906200000000000000e+05
1.906490000000000000e+05
1.906620000000000000e+05
1.906940000000000000e+05
1.907110000000000000e+05
1.907330000000000000e+05
1.907600000000000000e+05
1.908100000000000000e+05
1.908440000000000000e+05
1.908580000000000000e+05
1.908760000000000000e+05
1.908930000000000000e+05
1.909090000000000000e+05
1.909430000000000000e+05
1.909600000000000000e+05
1.909770000000000000e+05
1.909920000000000000e+05
1.910130000000000000e+05
1.910660000000000000e+05
1.910920000000000000e+05
1.911110000000000000e+05
1.911260000000000000e+05
1.911600000000000000e+05
1.911760000000000000e+05
1.911930000000000000e+05
1.912620000000000000e+05
1.912770000000000000e+05
1.913090000000000000e+05
1.913260000000000000e+05
1.913420000000000000e+05
1.913770000000000000e+05
1.913950000000000000e+05
1.914180000000000000e+05
1.914290000000000000e+05
1.914440000000000000e+05
1.914810000000000000e+05
1.915090000000000000e+05
1.915260000000000000e+05
1.915980000000000000e+05
1.916120000000000000e+05
1.916270000000000000e+05
1.916440000000000000e+05
1.916660000000000000e+05
1.916850000000000000e+05
1.916960000000000000e+05
1.917290000000000000e+05
1.917980000000000000e+05
1.918210000000000000e+05
1.918330000000000000e+05
1.918460000000000000e+05
1.918620000000000000e+05
1.918790000000000000e+05
1.919290000000000000e+05
1.919440000000000000e+05
1.919550000000000000e+05
1.919820000000000000e+05
1.920150000000000000e+05
1.920320000000000000e+05
1.920490000000000000e+05
1.920870000000000000e+05
1.921310000000000000e+05
1.921560000000000000e+05
1.921720000000000000e+05
1.921850000000000000e+05
1.922180000000000000e+05
1.922520000000000000e+05
1.922760000000000000e+05
1.922890000000000000e+05
1.923200000000000000e+05
1.923510000000000000e+05
1.923680000000000000e+05
1.923840000000000000e+05
1.924010000000000000e+05
1.924270000000000000e+05
1.924530000000000000e+05
1.924770000000000000e+05
1.924920000000000000e+05
1.925100000000000000e+05
1.925260000000000000e+05
1.925600000000000000e+05
1.925930000000000000e+05
1.926080000000000000e+05
1.926260000000000000e+05
1.926440000000000000e+05
1.926620000000000000e+05
1.926960000000000000e+05
1.927100000000000000e+05
1.927270000000000000e+05
1.927450000000000000e+05
1.927580000000000000e+05
1.927930000000000000e+05
1.928150000000000000e+05
1.928260000000000000e+05
1.928580000000000000e+05
1.928770000000000000e+05
1.928920000000000000e+05
1.929260000000000000e+05
1.929440000000000000e+05
1.929600000000000000e+05
1.929910000000000000e+05
1.930080000000000000e+05
1.930250000000000000e+05
1.930430000000000000e+05
1.930750000000000000e+05
1.930900000000000000e+05
1.931080000000000000e+05
1.931270000000000000e+05
1.931420000000000000e+05
1.931760000000000000e+05
1.931920000000000000e+05
1.932080000000000000e+05
1.932260000000000000e+05
1.932580000000000000e+05
1.932940000000000000e+05
1.933090000000000000e+05
1.933280000000000000e+05
1.933410000000000000e+05
1.933610000000000000e+05
1.933910000000000000e+05
1.934090000000000000e+05
1.934270000000000000e+05
1.934450000000000000e+05
1.934580000000000000e+05
1.934940000000000000e+05
1.935120000000000000e+05
1.935620000000000000e+05
1.935950000000000000e+05
1.936110000000000000e+05
1.936380000000000000e+05
1.936530000000000000e+05
1.936680000000000000e+05
1.936980000000000000e+05
1.937290000000000000e+05
1.937440000000000000e+05
1.937630000000000000e+05
1.937790000000000000e+05
1.938130000000000000e+05
1.938300000000000000e+05
1.938970000000000000e+05
1.939140000000000000e+05
1.939370000000000000e+05
1.939500000000000000e+05
1.940150000000000000e+05
1.940490000000000000e+05
1.940640000000000000e+05
1.940800000000000000e+05
1.941130000000000000e+05
1.941370000000000000e+05
1.941650000000000000e+05
1.941810000000000000e+05
1.942210000000000000e+05
1.942340000000000000e+05
1.942500000000000000e+05
1.942690000000000000e+05
1.942840000000000000e+05
1.943150000000000000e+05
1.943340000000000000e+05
1.943660000000000000e+05
1.943830000000000000e+05
1.943990000000000000e+05
1.944160000000000000e+05
1.944430000000000000e+05
1.944580000000000000e+05
1.944800000000000000e+05
1.945090000000000000e+05
1.945250000000000000e+05
1.945600000000000000e+05
1.945740000000000000e+05
1.946130000000000000e+05
1.946440000000000000e+05
1.946590000000000000e+05
1.946760000000000000e+05
1.946940000000000000e+05
1.947090000000000000e+05
1.947250000000000000e+05
1.947570000000000000e+05
1.947750000000000000e+05
1.947940000000000000e+05
1.948250000000000000e+05
1.948410000000000000e+05
1.948580000000000000e+05
1.948920000000000000e+05
1.949090000000000000e+05
1.949260000000000000e+05
1.949460000000000000e+05
1.949640000000000000e+05
1.949910000000000000e+05
1.950100000000000000e+05
1.950260000000000000e+05
1.950580000000000000e+05
1.950740000000000000e+05
1.950910000000000000e+05
1.951080000000000000e+05
1.951250000000000000e+05
1.951580000000000000e+05
1.951740000000000000e+05
1.952090000000000000e+05
1.952260000000000000e+05
1.952420000000000000e+05
1.952760000000000000e+05
1.952900000000000000e+05
1.953260000000000000e+05
1.953600000000000000e+05
1.953910000000000000e+05
1.954100000000000000e+05
1.954250000000000000e+05
1.954610000000000000e+05
1.954750000000000000e+05
1.955430000000000000e+05
1.955610000000000000e+05
1.955760000000000000e+05
1.955920000000000000e+05
1.956100000000000000e+05
1.956300000000000000e+05
1.956610000000000000e+05
1.956780000000000000e+05
1.957090000000000000e+05
1.957290000000000000e+05
1.957450000000000000e+05
1.957800000000000000e+05
1.957930000000000000e+05
1.958110000000000000e+05
1.958280000000000000e+05
1.958460000000000000e+05
1.958630000000000000e+05
1.958980000000000000e+05
1.959120000000000000e+05
1.959280000000000000e+05
1.959450000000000000e+05
1.959610000000000000e+05
1.959860000000000000e+05
1.960000000000000000e+05
1.960300000000000000e+05
1.960640000000000000e+05
1.961140000000000000e+05
1.961310000000000000e+05
1.961660000000000000e+05
1.961830000000000000e+05
1.962160000000000000e+05
1.962320000000000000e+05
1.962500000000000000e+05
1.962660000000000000e+05
1.963000000000000000e+05
1.963120000000000000e+05
1.963230000000000000e+05
1.963530000000000000e+05
1.963640000000000000e+05
1.963870000000000000e+05
1.964170000000000000e+05
1.964320000000000000e+05
1.964450000000000000e+05
1.964730000000000000e+05
1.964910000000000000e+05
1.965130000000000000e+05
1.965420000000000000e+05
1.965590000000000000e+05
1.965750000000000000e+05
1.965890000000000000e+05
1.966240000000000000e+05
1.966400000000000000e+05
1.966760000000000000e+05
1.967070000000000000e+05
1.967250000000000000e+05
1.967420000000000000e+05
1.967580000000000000e+05
1.967740000000000000e+05
1.968080000000000000e+05
1.968250000000000000e+05
1.968410000000000000e+05
1.968580000000000000e+05
1.968730000000000000e+05
1.969080000000000000e+05
1.969240000000000000e+05
1.969410000000000000e+05
1.969750000000000000e+05
1.969900000000000000e+05
1.970100000000000000e+05
1.970260000000000000e+05
1.970400000000000000e+05
1.970740000000000000e+05
1.971090000000000000e+05
1.971240000000000000e+05
1.971390000000000000e+05
1.971900000000000000e+05
1.972080000000000000e+05
1.972250000000000000e+05
1.972410000000000000e+05
1.972740000000000000e+05
1.972910000000000000e+05
1.973070000000000000e+05
1.973240000000000000e+05
1.973400000000000000e+05
1.973750000000000000e+05
1.973920000000000000e+05
1.974080000000000000e+05
1.974240000000000000e+05
1.974580000000000000e+05
1.974730000000000000e+05
1.974920000000000000e+05
1.975080000000000000e+05
1.975410000000000000e+05
1.975600000000000000e+05
1.975760000000000000e+05
1.976090000000000000e+05
1.976260000000000000e+05
1.976580000000000000e+05
1.976770000000000000e+05
1.976940000000000000e+05
1.977090000000000000e+05
1.977260000000000000e+05
1.977420000000000000e+05
1.977790000000000000e+05
1.977950000000000000e+05
1.978120000000000000e+05
1.978430000000000000e+05
1.978600000000000000e+05
1.978770000000000000e+05
1.979120000000000000e+05
1.979280000000000000e+05
1.979450000000000000e+05
1.979790000000000000e+05
1.979940000000000000e+05
1.980130000000000000e+05
1.980480000000000000e+05
1.980640000000000000e+05
1.980790000000000000e+05
1.980960000000000000e+05
1.981350000000000000e+05
1.981640000000000000e+05
1.981810000000000000e+05
1.982140000000000000e+05
1.982290000000000000e+05
1.982490000000000000e+05
1.982650000000000000e+05
1.982840000000000000e+05
1.983000000000000000e+05
1.983160000000000000e+05
1.983500000000000000e+05
1.983840000000000000e+05
1.983940000000000000e+05
1.984170000000000000e+05
1.984320000000000000e+05
1.984650000000000000e+05
1.984760000000000000e+05
1.984910000000000000e+05
1.985060000000000000e+05
1.985420000000000000e+05
1.985550000000000000e+05
1.985740000000000000e+05
1.985890000000000000e+05
1.986120000000000000e+05
1.986240000000000000e+05
1.986590000000000000e+05
1.986730000000000000e+05
1.986890000000000000e+05
1.987230000000000000e+05
1.987400000000000000e+05
1.987570000000000000e+05
1.987900000000000000e+05
1.988080000000000000e+05
1.988400000000000000e+05
1.988890000000000000e+05
1.989060000000000000e+05
1.989420000000000000e+05
1.989580000000000000e+05
1.989740000000000000e+05
1.989980000000000000e+05
1.990110000000000000e+05
1.990390000000000000e+05
1.990560000000000000e+05
1.990740000000000000e+05
1.990900000000000000e+05
1.991240000000000000e+05
1.991380000000000000e+05
1.991700000000000000e+05
1.991810000000000000e+05
1.991930000000000000e+05
1.992220000000000000e+05
1.992410000000000000e+05
1.992560000000000000e+05
1.992730000000000000e+05
1.993090000000000000e+05
1.993400000000000000e+05
1.993570000000000000e+05
1.994060000000000000e+05
1.994240000000000000e+05
1.994410000000000000e+05
1.994590000000000000e+05
1.994740000000000000e+05
1.995080000000000000e+05
1.995410000000000000e+05
1.995580000000000000e+05
1.995760000000000000e+05
1.995920000000000000e+05
1.996260000000000000e+05
1.996420000000000000e+05
1.996610000000000000e+05
1.996950000000000000e+05
1.997080000000000000e+05
1.997270000000000000e+05
1.997440000000000000e+05
1.997770000000000000e+05
1.997910000000000000e+05
1.998110000000000000e+05
1.998450000000000000e+05
1.998610000000000000e+05
1.999110000000000000e+05
1.999260000000000000e+05
1.999420000000000000e+05
1.999590000000000000e+05
1.999950000000000000e+05
2.000100000000000000e+05
2.000270000000000000e+05
2.000620000000000000e+05
2.000770000000000000e+05
2.001170000000000000e+05
2.001310000000000000e+05
2.001460000000000000e+05
2.001620000000000000e+05
2.001970000000000000e+05
2.002480000000000000e+05
2.002630000000000000e+05
2.002790000000000000e+05
2.002950000000000000e+05
2.003300000000000000e+05
2.003480000000000000e+05
2.003620000000000000e+05
2.003790000000000000e+05
2.003960000000000000e+05
2.004170000000000000e+05
2.004300000000000000e+05
2.004480000000000000e+05
2.004730000000000000e+05
2.005060000000000000e+05
2.005240000000000000e+05
2.005400000000000000e+05
2.005560000000000000e+05
2.005730000000000000e+05
2.005890000000000000e+05
2.006050000000000000e+05
2.006400000000000000e+05
2.006570000000000000e+05
2.006740000000000000e+05
2.007050000000000000e+05
2.007240000000000000e+05
2.007470000000000000e+05
2.007730000000000000e+05
2.007880000000000000e+05
2.008050000000000000e+05
2.008550000000000000e+05
2.008720000000000000e+05
2.008890000000000000e+05
2.009050000000000000e+05
2.009380000000000000e+05
2.009740000000000000e+05
2.010040000000000000e+05
2.010210000000000000e+05
2.010390000000000000e+05
2.010570000000000000e+05
2.010720000000000000e+05
2.011040000000000000e+05
2.011220000000000000e+05
2.011390000000000000e+05
2.011730000000000000e+05
2.011880000000000000e+05
2.012050000000000000e+05
2.012410000000000000e+05
2.012540000000000000e+05
2.012730000000000000e+05
2.012890000000000000e+05
2.013260000000000000e+05
2.013400000000000000e+05
2.013540000000000000e+05
2.013740000000000000e+05
2.014080000000000000e+05
2.014230000000000000e+05
2.014400000000000000e+05
2.014740000000000000e+05
2.014880000000000000e+05
2.015240000000000000e+05
2.015400000000000000e+05
2.015650000000000000e+05
2.015880000000000000e+05
2.016080000000000000e+05
2.016240000000000000e+05
2.016420000000000000e+05
2.016730000000000000e+05
2.016910000000000000e+05
2.017290000000000000e+05
2.017400000000000000e+05
2.017610000000000000e+05
2.017740000000000000e+05
2.017920000000000000e+05
2.018240000000000000e+05
2.018460000000000000e+05
2.018600000000000000e+05
2.019010000000000000e+05
2.019140000000000000e+05
2.019280000000000000e+05
2.019630000000000000e+05
2.020260000000000000e+05
2.020450000000000000e+05
2.020780000000000000e+05
2.020950000000000000e+05
2.021120000000000000e+05
2.021270000000000000e+05
2.021600000000000000e+05
2.021930000000000000e+05
2.022350000000000000e+05
2.022460000000000000e+05
2.022800000000000000e+05
2.023120000000000000e+05
2.023640000000000000e+05
2.023810000000000000e+05
2.023980000000000000e+05
2.024140000000000000e+05
2.024290000000000000e+05
2.024490000000000000e+05
2.024710000000000000e+05
2.024890000000000000e+05
2.025060000000000000e+05
2.025310000000000000e+05
2.025410000000000000e+05
2.025720000000000000e+05
2.025890000000000000e+05
2.026060000000000000e+05
2.026380000000000000e+05
2.026580000000000000e+05
2.026710000000000000e+05
2.027070000000000000e+05
2.027210000000000000e+05
2.027370000000000000e+05
2.027560000000000000e+05
2.027720000000000000e+05
2.028040000000000000e+05
2.028210000000000000e+05
2.028400000000000000e+05
2.028560000000000000e+05
2.028730000000000000e+05
2.029040000000000000e+05
2.029220000000000000e+05
2.029380000000000000e+05
2.029710000000000000e+05
2.029930000000000000e+05
2.030380000000000000e+05
2.030540000000000000e+05
2.030720000000000000e+05
2.030900000000000000e+05
2.031060000000000000e+05
2.031720000000000000e+05
2.032050000000000000e+05
2.032250000000000000e+05
2.032400000000000000e+05
2.032540000000000000e+05
2.033040000000000000e+05
2.033220000000000000e+05
2.033390000000000000e+05
2.033710000000000000e+05
2.033900000000000000e+05
2.034050000000000000e+05
2.034210000000000000e+05
2.034380000000000000e+05
2.034720000000000000e+05
2.034890000000000000e+05
2.035230000000000000e+05
2.035390000000000000e+05
2.035560000000000000e+05
2.035730000000000000e+05
2.036250000000000000e+05
2.036380000000000000e+05
2.036730000000000000e+05
2.036910000000000000e+05
2.037080000000000000e+05
2.037250000000000000e+05
2.037610000000000000e+05
2.037730000000000000e+05
2.037920000000000000e+05
2.038240000000000000e+05
2.038420000000000000e+05
2.038610000000000000e+05
2.039070000000000000e+05
2.039420000000000000e+05
2.039590000000000000e+05
2.039770000000000000e+05
2.039930000000000000e+05
2.040080000000000000e+05
2.040440000000000000e+05
2.040600000000000000e+05
2.041260000000000000e+05
2.041440000000000000e+05
2.041590000000000000e+05
2.041970000000000000e+05
2.042120000000000000e+05
2.042280000000000000e+05
2.042440000000000000e+05
2.042630000000000000e+05
2.042790000000000000e+05
2.043130000000000000e+05
2.043290000000000000e+05
2.043630000000000000e+05
2.043780000000000000e+05
2.044120000000000000e+05
2.044270000000000000e+05
2.044460000000000000e+05
2.044630000000000000e+05
2.044780000000000000e+05
2.045050000000000000e+05
2.045380000000000000e+05
2.045560000000000000e+05
2.045730000000000000e+05
2.045880000000000000e+05
2.046220000000000000e+05
2.046380000000000000e+05
2.046550000000000000e+05
2.046870000000000000e+05
2.047080000000000000e+05
2.047230000000000000e+05
2.047380000000000000e+05
2.047730000000000000e+05
2.047870000000000000e+05
2.048050000000000000e+05
2.048210000000000000e+05
2.048380000000000000e+05
2.048550000000000000e+05
2.048880000000000000e+05
2.049050000000000000e+05
2.049250000000000000e+05
2.049380000000000000e+05
2.049710000000000000e+05
2.049860000000000000e+05
2.050210000000000000e+05
2.050380000000000000e+05
2.050560000000000000e+05
2.050710000000000000e+05
2.051050000000000000e+05
2.051430000000000000e+05
2.051720000000000000e+05
2.051880000000000000e+05
2.052040000000000000e+05
2.052430000000000000e+05
2.052550000000000000e+05
2.052730000000000000e+05
2.052880000000000000e+05
2.053040000000000000e+05
2.053370000000000000e+05
2.053550000000000000e+05
2.053710000000000000e+05
2.053880000000000000e+05
2.054190000000000000e+05
2.054360000000000000e+05
2.054550000000000000e+05
2.054880000000000000e+05
2.055060000000000000e+05
2.055390000000000000e+05
2.055610000000000000e+05
2.055790000000000000e+05
2.055930000000000000e+05
2.056210000000000000e+05
2.056400000000000000e+05
2.056560000000000000e+05
2.056910000000000000e+05
2.057040000000000000e+05
2.057230000000000000e+05
2.057400000000000000e+05
2.058060000000000000e+05
2.058250000000000000e+05
2.058410000000000000e+05
2.058760000000000000e+05
2.058920000000000000e+05
2.059100000000000000e+05
2.059270000000000000e+05
2.060100000000000000e+05
2.060250000000000000e+05
2.060430000000000000e+05
2.060590000000000000e+05
2.060760000000000000e+05
2.060940000000000000e+05
2.061100000000000000e+05
2.061280000000000000e+05
2.061580000000000000e+05
2.062100000000000000e+05
2.062300000000000000e+05
2.062590000000000000e+05
2.062770000000000000e+05
2.062940000000000000e+05
2.063130000000000000e+05
2.063390000000000000e+05
2.063810000000000000e+05
2.063940000000000000e+05
2.064300000000000000e+05
2.064440000000000000e+05
2.064630000000000000e+05
2.064860000000000000e+05
2.065100000000000000e+05
2.065370000000000000e+05
2.065600000000000000e+05
2.065750000000000000e+05
2.066030000000000000e+05
2.066540000000000000e+05
2.066690000000000000e+05
2.067030000000000000e+05
2.067370000000000000e+05
2.067570000000000000e+05
2.067700000000000000e+05
2.067880000000000000e+05
2.068220000000000000e+05
2.068380000000000000e+05
2.068550000000000000e+05
2.068700000000000000e+05
2.069070000000000000e+05
2.069200000000000000e+05
2.069380000000000000e+05
2.069710000000000000e+05
2.069870000000000000e+05
2.070040000000000000e+05
2.070360000000000000e+05
2.070540000000000000e+05
2.070680000000000000e+05
2.070870000000000000e+05
2.071190000000000000e+05
2.071380000000000000e+05
2.071530000000000000e+05
2.071770000000000000e+05
2.072040000000000000e+05
2.072230000000000000e+05
2.072380000000000000e+05
2.072520000000000000e+05
2.072850000000000000e+05
2.073030000000000000e+05
2.073200000000000000e+05
2.073530000000000000e+05
2.073720000000000000e+05
2.073860000000000000e+05
2.074050000000000000e+05
2.074220000000000000e+05
2.074370000000000000e+05
2.074740000000000000e+05
2.074930000000000000e+05
2.075210000000000000e+05
2.075700000000000000e+05
2.075920000000000000e+05
2.076060000000000000e+05
2.076400000000000000e+05
2.076550000000000000e+05
2.076700000000000000e+05
2.076890000000000000e+05
2.077040000000000000e+05
2.077390000000000000e+05
2.077560000000000000e+05
2.077730000000000000e+05
2.077890000000000000e+05
2.078050000000000000e+05
2.078410000000000000e+05
2.078570000000000000e+05
2.078750000000000000e+05
2.078900000000000000e+05
2.079230000000000000e+05
2.079410000000000000e+05
2.079750000000000000e+05
2.079910000000000000e+05
2.080070000000000000e+05
2.080430000000000000e+05
2.080740000000000000e+05
2.081130000000000000e+05
2.081290000000000000e+05
2.081440000000000000e+05
2.081610000000000000e+05
2.081840000000000000e+05
2.082130000000000000e+05
2.082290000000000000e+05
2.082420000000000000e+05
2.082800000000000000e+05
2.082970000000000000e+05
2.083110000000000000e+05
2.083260000000000000e+05
2.083440000000000000e+05
2.083790000000000000e+05
2.083940000000000000e+05
2.084110000000000000e+05
2.084280000000000000e+05
2.084430000000000000e+05
2.084600000000000000e+05
2.084770000000000000e+05
2.085200000000000000e+05
2.085510000000000000e+05
2.085700000000000000e+05
2.085850000000000000e+05
2.086200000000000000e+05
2.086350000000000000e+05
2.086520000000000000e+05
2.086860000000000000e+05
2.087040000000000000e+05
2.087180000000000000e+05
2.087360000000000000e+05
2.087510000000000000e+05
2.087690000000000000e+05
2.087860000000000000e+05
2.088010000000000000e+05
2.088350000000000000e+05
2.088590000000000000e+05
2.088690000000000000e+05
2.089020000000000000e+05
2.089190000000000000e+05
2.089340000000000000e+05
2.089700000000000000e+05
2.089870000000000000e+05
2.090010000000000000e+05
2.090190000000000000e+05
2.090350000000000000e+05
2.090530000000000000e+05
2.090850000000000000e+05
2.091000000000000000e+05
2.091190000000000000e+05
2.091510000000000000e+05
2.091700000000000000e+05
2.091860000000000000e+05
2.092530000000000000e+05
2.092680000000000000e+05
2.092850000000000000e+05
2.093050000000000000e+05
2.093190000000000000e+05
2.093510000000000000e+05
2.093690000000000000e+05
2.094180000000000000e+05
2.094370000000000000e+05
2.094620000000000000e+05
2.094780000000000000e+05
2.094920000000000000e+05
