9.602690000000000000e+05
9.602850000000000000e+05
9.603020000000000000e+05
9.603360000000000000e+05
9.603680000000000000e+05
9.604220000000000000e+05
9.604420000000000000e+05
9.604560000000000000e+05
9.604700000000000000e+05
9.605030000000000000e+05
9.605200000000000000e+05
9.605350000000000000e+05
9.605520000000000000e+05
9.605890000000000000e+05
9.606010000000000000e+05
9.606210000000000000e+05
9.606370000000000000e+05
9.606550000000000000e+05
9.606880000000000000e+05
9.607040000000000000e+05
9.607190000000000000e+05
9.607380000000000000e+05
9.607530000000000000e+05
9.607860000000000000e+05
9.608050000000000000e+05
9.608220000000000000e+05
9.608380000000000000e+05
9.608710000000000000e+05
9.608910000000000000e+05
9.609210000000000000e+05
9.609390000000000000e+05
9.609540000000000000e+05
9.609720000000000000e+05
9.609870000000000000e+05
9.610080000000000000e+05
9.610400000000000000e+05
9.610550000000000000e+05
9.610730000000000000e+05
9.611080000000000000e+05
9.611290000000000000e+05
9.611450000000000000e+05
9.611550000000000000e+05
9.611900000000000000e+05
9.612080000000000000e+05
9.612270000000000000e+05
9.612480000000000000e+05
9.612590000000000000e+05
9.612730000000000000e+05
9.612930000000000000e+05
9.613100000000000000e+05
9.613370000000000000e+05
9.613930000000000000e+05
9.614090000000000000e+05
9.614260000000000000e+05
9.614420000000000000e+05
9.614600000000000000e+05
9.614800000000000000e+05
9.614940000000000000e+05
9.615100000000000000e+05
9.615250000000000000e+05
9.615550000000000000e+05
9.615670000000000000e+05
9.615860000000000000e+05
9.616010000000000000e+05
9.616180000000000000e+05
9.616330000000000000e+05
9.616530000000000000e+05
9.616710000000000000e+05
9.616940000000000000e+05
9.617060000000000000e+05
9.617200000000000000e+05
9.617500000000000000e+05
9.617830000000000000e+05
9.618220000000000000e+05
9.618670000000000000e+05
9.618880000000000000e+05
9.619190000000000000e+05
9.619500000000000000e+05
9.619670000000000000e+05
9.619830000000000000e+05
9.620180000000000000e+05
9.620340000000000000e+05
9.620670000000000000e+05
9.620850000000000000e+05
9.621180000000000000e+05
9.621340000000000000e+05
9.621510000000000000e+05
9.621660000000000000e+05
9.621920000000000000e+05
9.622080000000000000e+05
9.622190000000000000e+05
9.622510000000000000e+05
9.622700000000000000e+05
9.622840000000000000e+05
9.623030000000000000e+05
9.623210000000000000e+05
9.623890000000000000e+05
9.624060000000000000e+05
9.624350000000000000e+05
9.624510000000000000e+05
9.624680000000000000e+05
9.624840000000000000e+05
9.625180000000000000e+05
9.625340000000000000e+05
9.625500000000000000e+05
9.625690000000000000e+05
9.625840000000000000e+05
9.626010000000000000e+05
9.626350000000000000e+05
9.626530000000000000e+05
9.626690000000000000e+05
9.627020000000000000e+05
9.627180000000000000e+05
9.627350000000000000e+05
9.627520000000000000e+05
9.627690000000000000e+05
9.627850000000000000e+05
9.628040000000000000e+05
9.628360000000000000e+05
9.628870000000000000e+05
9.629200000000000000e+05
9.629380000000000000e+05
9.629550000000000000e+05
9.629880000000000000e+05
9.630050000000000000e+05
9.630210000000000000e+05
9.630540000000000000e+05
9.630710000000000000e+05
9.631060000000000000e+05
9.631210000000000000e+05
9.631390000000000000e+05
9.631560000000000000e+05
9.631730000000000000e+05
9.631910000000000000e+05
9.632230000000000000e+05
9.632400000000000000e+05
9.632570000000000000e+05
9.632900000000000000e+05
9.633390000000000000e+05
9.633580000000000000e+05
9.633920000000000000e+05
9.634090000000000000e+05
9.634250000000000000e+05
9.634430000000000000e+05
9.634750000000000000e+05
9.634950000000000000e+05
9.635420000000000000e+05
9.635670000000000000e+05
9.635800000000000000e+05
9.636110000000000000e+05
9.636400000000000000e+05
9.636550000000000000e+05
9.636680000000000000e+05
9.637020000000000000e+05
9.637160000000000000e+05
9.637350000000000000e+05
9.637490000000000000e+05
9.637660000000000000e+05
9.637840000000000000e+05
9.638000000000000000e+05
9.638350000000000000e+05
9.638500000000000000e+05
9.638670000000000000e+05
9.638850000000000000e+05
9.639020000000000000e+05
9.639340000000000000e+05
9.639510000000000000e+05
9.639860000000000000e+05
9.640000000000000000e+05
9.640180000000000000e+05
9.640360000000000000e+05
9.640500000000000000e+05
9.640660000000000000e+05
9.641160000000000000e+05
9.641320000000000000e+05
9.641490000000000000e+05
9.641870000000000000e+05
9.641990000000000000e+05
9.642200000000000000e+05
9.642320000000000000e+05
9.642500000000000000e+05
9.642670000000000000e+05
9.642830000000000000e+05
9.643000000000000000e+05
9.643180000000000000e+05
9.643500000000000000e+05
9.643680000000000000e+05
9.643830000000000000e+05
9.644010000000000000e+05
9.644150000000000000e+05
9.644490000000000000e+05
9.644670000000000000e+05
9.644850000000000000e+05
9.645190000000000000e+05
9.645340000000000000e+05
9.645500000000000000e+05
9.645670000000000000e+05
9.645840000000000000e+05
9.645990000000000000e+05
9.646190000000000000e+05
9.646340000000000000e+05
9.646670000000000000e+05
9.646860000000000000e+05
9.647010000000000000e+05
9.647200000000000000e+05
9.647350000000000000e+05
9.647640000000000000e+05
9.647800000000000000e+05
9.648390000000000000e+05
9.648590000000000000e+05
9.648740000000000000e+05
9.649030000000000000e+05
9.649530000000000000e+05
9.649690000000000000e+05
9.649870000000000000e+05
9.650080000000000000e+05
9.650670000000000000e+05
9.650770000000000000e+05
9.650910000000000000e+05
9.651030000000000000e+05
9.651200000000000000e+05
9.651390000000000000e+05
9.651720000000000000e+05
9.651890000000000000e+05
9.652040000000000000e+05
9.652300000000000000e+05
9.652440000000000000e+05
9.652580000000000000e+05
9.653240000000000000e+05
9.653400000000000000e+05
9.653750000000000000e+05
9.653910000000000000e+05
9.654080000000000000e+05
9.654250000000000000e+05
9.654400000000000000e+05
9.654580000000000000e+05
9.654750000000000000e+05
9.654940000000000000e+05
9.655070000000000000e+05
9.655240000000000000e+05
9.655420000000000000e+05
9.655590000000000000e+05
9.655710000000000000e+05
9.656000000000000000e+05
9.656160000000000000e+05
9.656330000000000000e+05
9.656500000000000000e+05
9.656690000000000000e+05
9.657000000000000000e+05
9.657170000000000000e+05
9.657480000000000000e+05
9.657670000000000000e+05
9.657860000000000000e+05
9.658170000000000000e+05
9.658320000000000000e+05
9.658510000000000000e+05
9.658680000000000000e+05
9.659320000000000000e+05
9.659690000000000000e+05
9.659820000000000000e+05
9.659980000000000000e+05
9.660180000000000000e+05
9.660310000000000000e+05
9.660660000000000000e+05
9.660820000000000000e+05
9.660980000000000000e+05
9.661320000000000000e+05
9.661480000000000000e+05
9.661650000000000000e+05
9.661820000000000000e+05
9.661990000000000000e+05
9.662170000000000000e+05
9.662420000000000000e+05
9.662530000000000000e+05
9.662660000000000000e+05
9.662830000000000000e+05
9.662980000000000000e+05
9.663150000000000000e+05
9.663500000000000000e+05
9.663670000000000000e+05
9.663840000000000000e+05
9.664150000000000000e+05
9.664330000000000000e+05
9.664490000000000000e+05
9.664650000000000000e+05
9.664990000000000000e+05
9.665160000000000000e+05
9.665490000000000000e+05
9.666330000000000000e+05
9.666660000000000000e+05
9.666830000000000000e+05
9.667010000000000000e+05
9.667180000000000000e+05
9.667500000000000000e+05
9.667670000000000000e+05
9.668170000000000000e+05
9.668340000000000000e+05
9.668510000000000000e+05
9.668840000000000000e+05
9.669050000000000000e+05
9.669220000000000000e+05
9.669530000000000000e+05
9.669680000000000000e+05
9.669850000000000000e+05
9.670050000000000000e+05
9.670230000000000000e+05
9.670530000000000000e+05
9.670690000000000000e+05
9.670860000000000000e+05
9.671030000000000000e+05
9.671220000000000000e+05
9.671560000000000000e+05
9.671740000000000000e+05
9.671880000000000000e+05
9.672030000000000000e+05
9.672380000000000000e+05
9.672560000000000000e+05
9.672730000000000000e+05
9.672880000000000000e+05
9.673740000000000000e+05
9.674050000000000000e+05
9.674260000000000000e+05
9.674640000000000000e+05
9.674750000000000000e+05
9.674920000000000000e+05
9.675230000000000000e+05
9.675410000000000000e+05
9.675620000000000000e+05
9.675870000000000000e+05
9.676140000000000000e+05
9.676330000000000000e+05
9.676510000000000000e+05
9.676860000000000000e+05
9.677200000000000000e+05
9.677310000000000000e+05
9.677660000000000000e+05
9.677820000000000000e+05
9.677990000000000000e+05
9.678150000000000000e+05
9.678640000000000000e+05
9.678830000000000000e+05
9.678980000000000000e+05
9.679140000000000000e+05
9.679470000000000000e+05
9.679670000000000000e+05
9.679800000000000000e+05
9.679970000000000000e+05
9.680150000000000000e+05
9.680310000000000000e+05
9.680480000000000000e+05
9.680640000000000000e+05
9.680810000000000000e+05
9.681150000000000000e+05
9.681320000000000000e+05
9.681470000000000000e+05
9.681650000000000000e+05
9.681830000000000000e+05
9.682000000000000000e+05
9.682160000000000000e+05
9.682310000000000000e+05
9.682510000000000000e+05
9.682660000000000000e+05
9.682830000000000000e+05
9.682990000000000000e+05
9.683310000000000000e+05
9.683480000000000000e+05
9.683660000000000000e+05
9.683990000000000000e+05
9.684170000000000000e+05
9.684480000000000000e+05
9.684640000000000000e+05
9.684830000000000000e+05
9.685180000000000000e+05
9.685320000000000000e+05
9.685560000000000000e+05
9.685680000000000000e+05
9.685990000000000000e+05
9.686160000000000000e+05
9.686320000000000000e+05
9.686670000000000000e+05
9.686820000000000000e+05
9.686990000000000000e+05
9.687160000000000000e+05
9.687690000000000000e+05
9.688010000000000000e+05
9.688160000000000000e+05
9.688340000000000000e+05
9.688530000000000000e+05
9.688850000000000000e+05
9.689000000000000000e+05
9.689200000000000000e+05
9.689360000000000000e+05
9.689530000000000000e+05
9.689850000000000000e+05
9.690020000000000000e+05
9.690510000000000000e+05
9.690700000000000000e+05
9.691020000000000000e+05
9.691190000000000000e+05
9.691540000000000000e+05
9.691720000000000000e+05
9.692050000000000000e+05
9.692240000000000000e+05
9.692370000000000000e+05
9.692550000000000000e+05
9.692710000000000000e+05
9.692880000000000000e+05
9.693050000000000000e+05
9.693370000000000000e+05
9.693530000000000000e+05
9.693720000000000000e+05
9.693890000000000000e+05
9.694060000000000000e+05
9.694220000000000000e+05
9.694410000000000000e+05
9.694540000000000000e+05
9.694720000000000000e+05
9.694880000000000000e+05
9.695070000000000000e+05
9.695400000000000000e+05
9.695580000000000000e+05
9.695820000000000000e+05
9.695960000000000000e+05
9.696100000000000000e+05
9.696220000000000000e+05
9.696510000000000000e+05
9.696800000000000000e+05
9.696960000000000000e+05
9.697150000000000000e+05
9.697320000000000000e+05
9.697480000000000000e+05
9.697800000000000000e+05
9.697980000000000000e+05
9.698150000000000000e+05
9.698540000000000000e+05
9.698700000000000000e+05
9.698810000000000000e+05
9.698970000000000000e+05
9.699460000000000000e+05
9.699650000000000000e+05
9.699980000000000000e+05
9.700140000000000000e+05
9.700310000000000000e+05
9.700480000000000000e+05
9.700650000000000000e+05
9.700990000000000000e+05
9.701130000000000000e+05
9.701320000000000000e+05
9.701500000000000000e+05
9.701650000000000000e+05
9.701980000000000000e+05
9.702150000000000000e+05
9.702300000000000000e+05
9.702490000000000000e+05
9.702790000000000000e+05
9.702960000000000000e+05
9.703140000000000000e+05
9.703310000000000000e+05
9.703660000000000000e+05
9.703810000000000000e+05
9.703980000000000000e+05
9.704150000000000000e+05
9.704470000000000000e+05
9.704650000000000000e+05
9.704800000000000000e+05
9.705150000000000000e+05
9.705320000000000000e+05
9.705480000000000000e+05
9.705660000000000000e+05
9.705990000000000000e+05
9.706160000000000000e+05
9.706310000000000000e+05
9.706670000000000000e+05
9.706820000000000000e+05
9.706990000000000000e+05
9.707150000000000000e+05
9.707330000000000000e+05
9.707650000000000000e+05
9.707840000000000000e+05
9.708160000000000000e+05
9.708360000000000000e+05
9.708510000000000000e+05
9.708670000000000000e+05
9.708870000000000000e+05
9.709430000000000000e+05
9.709520000000000000e+05
9.709840000000000000e+05
9.710010000000000000e+05
9.710170000000000000e+05
9.710500000000000000e+05
9.710690000000000000e+05
9.711010000000000000e+05
9.711180000000000000e+05
9.711350000000000000e+05
9.711680000000000000e+05
9.711860000000000000e+05
9.712030000000000000e+05
9.712200000000000000e+05
9.712370000000000000e+05
9.712530000000000000e+05
9.712710000000000000e+05
9.713040000000000000e+05
9.713210000000000000e+05
9.713550000000000000e+05
9.713690000000000000e+05
9.713870000000000000e+05
9.714060000000000000e+05
9.714220000000000000e+05
9.714390000000000000e+05
9.714560000000000000e+05
9.714730000000000000e+05
9.714870000000000000e+05
9.715090000000000000e+05
9.715400000000000000e+05
9.715560000000000000e+05
9.715730000000000000e+05
9.715880000000000000e+05
9.716000000000000000e+05
9.716310000000000000e+05
9.716470000000000000e+05
9.716650000000000000e+05
9.716810000000000000e+05
9.716950000000000000e+05
9.717130000000000000e+05
9.717470000000000000e+05
9.717630000000000000e+05
9.717790000000000000e+05
9.718140000000000000e+05
9.718290000000000000e+05
9.718480000000000000e+05
9.718640000000000000e+05
9.718800000000000000e+05
9.718970000000000000e+05
9.719140000000000000e+05
9.719470000000000000e+05
9.719620000000000000e+05
9.719800000000000000e+05
9.719970000000000000e+05
9.720330000000000000e+05
9.720450000000000000e+05
9.720630000000000000e+05
9.721150000000000000e+05
9.721470000000000000e+05
9.721610000000000000e+05
9.721980000000000000e+05
9.722150000000000000e+05
9.722300000000000000e+05
9.722470000000000000e+05
9.722620000000000000e+05
9.722970000000000000e+05
9.723120000000000000e+05
9.723480000000000000e+05
9.723630000000000000e+05
9.723800000000000000e+05
9.723990000000000000e+05
9.724290000000000000e+05
9.724620000000000000e+05
9.724780000000000000e+05
9.725050000000000000e+05
9.725200000000000000e+05
9.725470000000000000e+05
9.725660000000000000e+05
9.725790000000000000e+05
9.726140000000000000e+05
9.726310000000000000e+05
9.726480000000000000e+05
9.726810000000000000e+05
9.726960000000000000e+05
9.727160000000000000e+05
9.727500000000000000e+05
9.727660000000000000e+05
9.727840000000000000e+05
9.728140000000000000e+05
9.728320000000000000e+05
9.728480000000000000e+05
9.728650000000000000e+05
9.728850000000000000e+05
9.729160000000000000e+05
9.729340000000000000e+05
9.729490000000000000e+05
9.729690000000000000e+05
9.729990000000000000e+05
9.730160000000000000e+05
9.730710000000000000e+05
9.731010000000000000e+05
9.731180000000000000e+05
9.731340000000000000e+05
9.731700000000000000e+05
9.732210000000000000e+05
9.732350000000000000e+05
9.732510000000000000e+05
9.732680000000000000e+05
9.732840000000000000e+05
9.733040000000000000e+05
9.733200000000000000e+05
9.733430000000000000e+05
9.733530000000000000e+05
9.733870000000000000e+05
9.734020000000000000e+05
9.734200000000000000e+05
9.734370000000000000e+05
9.734540000000000000e+05
9.734700000000000000e+05
9.734890000000000000e+05
9.735220000000000000e+05
9.735400000000000000e+05
9.735710000000000000e+05
9.735870000000000000e+05
9.736150000000000000e+05
9.736290000000000000e+05
9.736460000000000000e+05
9.736740000000000000e+05
9.736950000000000000e+05
9.737160000000000000e+05
9.737290000000000000e+05
9.737630000000000000e+05
9.737780000000000000e+05
9.737950000000000000e+05
9.738130000000000000e+05
9.738470000000000000e+05
9.738630000000000000e+05
9.738800000000000000e+05
9.739010000000000000e+05
9.739280000000000000e+05
9.739450000000000000e+05
9.739630000000000000e+05
9.739800000000000000e+05
9.740130000000000000e+05
9.740280000000000000e+05
9.740470000000000000e+05
9.740630000000000000e+05
9.740820000000000000e+05
9.741130000000000000e+05
9.741300000000000000e+05
9.741460000000000000e+05
9.741620000000000000e+05
9.741780000000000000e+05
9.741960000000000000e+05
9.742110000000000000e+05
9.742460000000000000e+05
9.742640000000000000e+05
9.742800000000000000e+05
9.742970000000000000e+05
9.743280000000000000e+05
9.743630000000000000e+05
9.743790000000000000e+05
9.743950000000000000e+05
9.744280000000000000e+05
9.744460000000000000e+05
9.744640000000000000e+05
9.744980000000000000e+05
9.745120000000000000e+05
9.745280000000000000e+05
9.745460000000000000e+05
9.745780000000000000e+05
9.745960000000000000e+05
9.746300000000000000e+05
9.746450000000000000e+05
9.746640000000000000e+05
9.746970000000000000e+05
9.747140000000000000e+05
9.747310000000000000e+05
9.747480000000000000e+05
9.747800000000000000e+05
9.748140000000000000e+05
9.748650000000000000e+05
9.748800000000000000e+05
9.748970000000000000e+05
9.749140000000000000e+05
9.749330000000000000e+05
9.749530000000000000e+05
9.749750000000000000e+05
9.749870000000000000e+05
9.750150000000000000e+05
9.750330000000000000e+05
9.750500000000000000e+05
9.750840000000000000e+05
9.751010000000000000e+05
9.751150000000000000e+05
9.751530000000000000e+05
9.751660000000000000e+05
9.751830000000000000e+05
9.752020000000000000e+05
9.752350000000000000e+05
9.752510000000000000e+05
9.752670000000000000e+05
9.752850000000000000e+05
9.753000000000000000e+05
9.753180000000000000e+05
9.753860000000000000e+05
9.754030000000000000e+05
9.754170000000000000e+05
9.755040000000000000e+05
9.755360000000000000e+05
9.755550000000000000e+05
9.755710000000000000e+05
9.755900000000000000e+05
9.756040000000000000e+05
9.756160000000000000e+05
9.756270000000000000e+05
9.756600000000000000e+05
9.756780000000000000e+05
9.756950000000000000e+05
9.757290000000000000e+05
9.757440000000000000e+05
9.757610000000000000e+05
9.757940000000000000e+05
9.758120000000000000e+05
9.758310000000000000e+05
9.758480000000000000e+05
9.758780000000000000e+05
9.758970000000000000e+05
9.759120000000000000e+05
9.759300000000000000e+05
9.759460000000000000e+05
9.759610000000000000e+05
9.759980000000000000e+05
9.760100000000000000e+05
9.760460000000000000e+05
9.760600000000000000e+05
9.760790000000000000e+05
9.760960000000000000e+05
9.761120000000000000e+05
9.761290000000000000e+05
9.761440000000000000e+05
9.761610000000000000e+05
9.761770000000000000e+05
9.761960000000000000e+05
9.762110000000000000e+05
9.762280000000000000e+05
9.762440000000000000e+05
9.762770000000000000e+05
9.762940000000000000e+05
9.763120000000000000e+05
9.763290000000000000e+05
9.763630000000000000e+05
9.763770000000000000e+05
9.763940000000000000e+05
9.764140000000000000e+05
9.764470000000000000e+05
9.764630000000000000e+05
9.764810000000000000e+05
9.765000000000000000e+05
9.765110000000000000e+05
9.765290000000000000e+05
9.765620000000000000e+05
9.766100000000000000e+05
9.766440000000000000e+05
9.766790000000000000e+05
9.766950000000000000e+05
9.767110000000000000e+05
9.767280000000000000e+05
9.767620000000000000e+05
9.767800000000000000e+05
9.767980000000000000e+05
9.768130000000000000e+05
9.768480000000000000e+05
9.768670000000000000e+05
9.768810000000000000e+05
9.768980000000000000e+05
9.769300000000000000e+05
9.769460000000000000e+05
9.769800000000000000e+05
9.770140000000000000e+05
9.770310000000000000e+05
9.770470000000000000e+05
9.770830000000000000e+05
9.770990000000000000e+05
9.771170000000000000e+05
9.771490000000000000e+05
9.771670000000000000e+05
9.771830000000000000e+05
9.772000000000000000e+05
9.772180000000000000e+05
9.772340000000000000e+05
9.772650000000000000e+05
9.772820000000000000e+05
9.772990000000000000e+05
9.773180000000000000e+05
9.773510000000000000e+05
9.773680000000000000e+05
9.773850000000000000e+05
9.774230000000000000e+05
9.774370000000000000e+05
9.774540000000000000e+05
9.774670000000000000e+05
9.774860000000000000e+05
9.775530000000000000e+05
9.775680000000000000e+05
9.775860000000000000e+05
9.776200000000000000e+05
9.776310000000000000e+05
9.776630000000000000e+05
9.776770000000000000e+05
9.776950000000000000e+05
9.777120000000000000e+05
9.777280000000000000e+05
9.777470000000000000e+05
9.777760000000000000e+05
9.777930000000000000e+05
9.778110000000000000e+05
9.778450000000000000e+05
9.778610000000000000e+05
9.778770000000000000e+05
9.778930000000000000e+05
9.779100000000000000e+05
9.779620000000000000e+05
9.779960000000000000e+05
9.780100000000000000e+05
9.780270000000000000e+05
9.780430000000000000e+05
9.780630000000000000e+05
9.780790000000000000e+05
9.780950000000000000e+05
9.781110000000000000e+05
9.781280000000000000e+05
9.781430000000000000e+05
9.781600000000000000e+05
9.781760000000000000e+05
9.782010000000000000e+05
9.782280000000000000e+05
9.782440000000000000e+05
9.782590000000000000e+05
9.782770000000000000e+05
9.782950000000000000e+05
9.783110000000000000e+05
9.783450000000000000e+05
9.783600000000000000e+05
9.783780000000000000e+05
9.783960000000000000e+05
9.784110000000000000e+05
9.784450000000000000e+05
9.784610000000000000e+05
9.784770000000000000e+05
9.784970000000000000e+05
9.785280000000000000e+05
9.785450000000000000e+05
9.785620000000000000e+05
9.785940000000000000e+05
9.786620000000000000e+05
9.786790000000000000e+05
9.786960000000000000e+05
9.787120000000000000e+05
9.787290000000000000e+05
9.787620000000000000e+05
9.787770000000000000e+05
9.787970000000000000e+05
9.788320000000000000e+05
9.788490000000000000e+05
9.788640000000000000e+05
9.788790000000000000e+05
9.789000000000000000e+05
9.789320000000000000e+05
9.789490000000000000e+05
9.789650000000000000e+05
9.789970000000000000e+05
9.790140000000000000e+05
9.790310000000000000e+05
9.790890000000000000e+05
9.791010000000000000e+05
9.791150000000000000e+05
9.791470000000000000e+05
9.791640000000000000e+05
9.791830000000000000e+05
9.792160000000000000e+05
9.792310000000000000e+05
9.792490000000000000e+05
9.792650000000000000e+05
9.792820000000000000e+05
9.793190000000000000e+05
9.793540000000000000e+05
9.793680000000000000e+05
9.793820000000000000e+05
9.794010000000000000e+05
9.794180000000000000e+05
9.794340000000000000e+05
9.794520000000000000e+05
9.794850000000000000e+05
9.795180000000000000e+05
9.795390000000000000e+05
9.795550000000000000e+05
9.795690000000000000e+05
9.795860000000000000e+05
9.796150000000000000e+05
9.796260000000000000e+05
9.796590000000000000e+05
9.796770000000000000e+05
9.796940000000000000e+05
9.797260000000000000e+05
9.797420000000000000e+05
9.797770000000000000e+05
9.797930000000000000e+05
9.798090000000000000e+05
9.798260000000000000e+05
9.798430000000000000e+05
9.798770000000000000e+05
9.798940000000000000e+05
9.799120000000000000e+05
9.799430000000000000e+05
9.799600000000000000e+05
9.799940000000000000e+05
9.800120000000000000e+05
9.800270000000000000e+05
9.800420000000000000e+05
9.800580000000000000e+05
9.800750000000000000e+05
9.800930000000000000e+05
9.801110000000000000e+05
9.801280000000000000e+05
9.801420000000000000e+05
9.801590000000000000e+05
9.801770000000000000e+05
9.802100000000000000e+05
9.802440000000000000e+05
9.802590000000000000e+05
9.802770000000000000e+05
9.802920000000000000e+05
9.803110000000000000e+05
9.803280000000000000e+05
9.803450000000000000e+05
9.803590000000000000e+05
9.803750000000000000e+05
9.803950000000000000e+05
9.804270000000000000e+05
9.804430000000000000e+05
9.804620000000000000e+05
9.804760000000000000e+05
9.805100000000000000e+05
9.805440000000000000e+05
9.805610000000000000e+05
9.805780000000000000e+05
9.806100000000000000e+05
9.806270000000000000e+05
9.806610000000000000e+05
9.806760000000000000e+05
9.806930000000000000e+05
9.807100000000000000e+05
9.807450000000000000e+05
9.807610000000000000e+05
9.807970000000000000e+05
9.808180000000000000e+05
9.808340000000000000e+05
9.808630000000000000e+05
9.808780000000000000e+05
9.808940000000000000e+05
9.809140000000000000e+05
9.809300000000000000e+05
9.809470000000000000e+05
9.809630000000000000e+05
9.809810000000000000e+05
9.809960000000000000e+05
9.810290000000000000e+05
9.810470000000000000e+05
9.810630000000000000e+05
9.810840000000000000e+05
9.811140000000000000e+05
9.811310000000000000e+05
9.811670000000000000e+05
9.812160000000000000e+05
9.812660000000000000e+05
9.812830000000000000e+05
9.813000000000000000e+05
9.813160000000000000e+05
9.813320000000000000e+05
9.813470000000000000e+05
9.813840000000000000e+05
9.813980000000000000e+05
9.814180000000000000e+05
9.814400000000000000e+05
9.814560000000000000e+05
9.814660000000000000e+05
9.815010000000000000e+05
9.815180000000000000e+05
9.815340000000000000e+05
9.815500000000000000e+05
9.815680000000000000e+05
9.815830000000000000e+05
9.816030000000000000e+05
9.816320000000000000e+05
9.816780000000000000e+05
9.817080000000000000e+05
9.817250000000000000e+05
9.817410000000000000e+05
9.817600000000000000e+05
9.817760000000000000e+05
9.818080000000000000e+05
9.818250000000000000e+05
9.818770000000000000e+05
9.818910000000000000e+05
9.819270000000000000e+05
9.819430000000000000e+05
9.819580000000000000e+05
9.819750000000000000e+05
9.819920000000000000e+05
9.820080000000000000e+05
9.820430000000000000e+05
9.820600000000000000e+05
9.820750000000000000e+05
9.820920000000000000e+05
9.821590000000000000e+05
9.821760000000000000e+05
9.821920000000000000e+05
9.822100000000000000e+05
9.822430000000000000e+05
9.822600000000000000e+05
9.822760000000000000e+05
9.823100000000000000e+05
9.823250000000000000e+05
9.823430000000000000e+05
9.823590000000000000e+05
9.823910000000000000e+05
9.824080000000000000e+05
9.824240000000000000e+05
9.824430000000000000e+05
9.824760000000000000e+05
9.825090000000000000e+05
9.825410000000000000e+05
9.825600000000000000e+05
9.825750000000000000e+05
9.826100000000000000e+05
9.826300000000000000e+05
9.826590000000000000e+05
9.826750000000000000e+05
9.826960000000000000e+05
9.827270000000000000e+05
9.827440000000000000e+05
9.827600000000000000e+05
9.827770000000000000e+05
9.828130000000000000e+05
9.828320000000000000e+05
9.828470000000000000e+05
9.828640000000000000e+05
9.828940000000000000e+05
9.829150000000000000e+05
9.829460000000000000e+05
9.829630000000000000e+05
9.829940000000000000e+05
9.830110000000000000e+05
9.830300000000000000e+05
9.830630000000000000e+05
9.830790000000000000e+05
9.830950000000000000e+05
9.831140000000000000e+05
9.831310000000000000e+05
9.831800000000000000e+05
9.832290000000000000e+05
9.832490000000000000e+05
9.832650000000000000e+05
9.832990000000000000e+05
9.833150000000000000e+05
9.833320000000000000e+05
9.833480000000000000e+05
9.833640000000000000e+05
9.833800000000000000e+05
9.834150000000000000e+05
9.834310000000000000e+05
9.834480000000000000e+05
9.834840000000000000e+05
9.835010000000000000e+05
9.835170000000000000e+05
9.835320000000000000e+05
9.835510000000000000e+05
9.835760000000000000e+05
9.836010000000000000e+05
9.836160000000000000e+05
9.836420000000000000e+05
9.836580000000000000e+05
9.836760000000000000e+05
9.836910000000000000e+05
9.837160000000000000e+05
9.837390000000000000e+05
9.837660000000000000e+05
9.837790000000000000e+05
9.837920000000000000e+05
9.838260000000000000e+05
9.838430000000000000e+05
9.838580000000000000e+05
9.838740000000000000e+05
9.839130000000000000e+05
9.839250000000000000e+05
9.839420000000000000e+05
9.839590000000000000e+05
9.840090000000000000e+05
9.840250000000000000e+05
9.840420000000000000e+05
9.840760000000000000e+05
9.840910000000000000e+05
9.841080000000000000e+05
9.841430000000000000e+05
9.841590000000000000e+05
9.841760000000000000e+05
9.841920000000000000e+05
9.842090000000000000e+05
9.842420000000000000e+05
9.842590000000000000e+05
9.842760000000000000e+05
9.842950000000000000e+05
9.843090000000000000e+05
9.843400000000000000e+05
9.843610000000000000e+05
9.843920000000000000e+05
9.844090000000000000e+05
9.844260000000000000e+05
9.844410000000000000e+05
9.844570000000000000e+05
9.844760000000000000e+05
9.844960000000000000e+05
9.845100000000000000e+05
9.845270000000000000e+05
9.845420000000000000e+05
9.845760000000000000e+05
9.845920000000000000e+05
9.846100000000000000e+05
9.846270000000000000e+05
9.846580000000000000e+05
9.846750000000000000e+05
9.846920000000000000e+05
9.847090000000000000e+05
9.847410000000000000e+05
9.847590000000000000e+05
9.847940000000000000e+05
9.848110000000000000e+05
9.848430000000000000e+05
9.848760000000000000e+05
9.848930000000000000e+05
9.849110000000000000e+05
9.849650000000000000e+05
9.849770000000000000e+05
9.850110000000000000e+05
9.850270000000000000e+05
9.850640000000000000e+05
9.850800000000000000e+05
9.851140000000000000e+05
9.851450000000000000e+05
9.851620000000000000e+05
9.851950000000000000e+05
9.852140000000000000e+05
9.852310000000000000e+05
9.852480000000000000e+05
9.852660000000000000e+05
9.852990000000000000e+05
9.853140000000000000e+05
9.853310000000000000e+05
9.853480000000000000e+05
9.853630000000000000e+05
9.853790000000000000e+05
9.853980000000000000e+05
9.854150000000000000e+05
9.854490000000000000e+05
9.854660000000000000e+05
9.854810000000000000e+05
9.854990000000000000e+05
9.855140000000000000e+05
9.855330000000000000e+05
9.855530000000000000e+05
9.855660000000000000e+05
9.856020000000000000e+05
9.856140000000000000e+05
9.856340000000000000e+05
9.856570000000000000e+05
9.856750000000000000e+05
9.857070000000000000e+05
9.857250000000000000e+05
9.857410000000000000e+05
9.857730000000000000e+05
9.858080000000000000e+05
9.858400000000000000e+05
9.858610000000000000e+05
9.858740000000000000e+05
9.859070000000000000e+05
9.859250000000000000e+05
9.859390000000000000e+05
9.859600000000000000e+05
9.859750000000000000e+05
9.859940000000000000e+05
9.860260000000000000e+05
9.860410000000000000e+05
9.860560000000000000e+05
9.860730000000000000e+05
9.860900000000000000e+05
9.861230000000000000e+05
9.861410000000000000e+05
9.861570000000000000e+05
9.861750000000000000e+05
9.862080000000000000e+05
9.862250000000000000e+05
9.862430000000000000e+05
9.862580000000000000e+05
9.862920000000000000e+05
9.863060000000000000e+05
9.863230000000000000e+05
9.863560000000000000e+05
9.863720000000000000e+05
9.863930000000000000e+05
9.864250000000000000e+05
9.864750000000000000e+05
9.864950000000000000e+05
9.865160000000000000e+05
9.865280000000000000e+05
9.865590000000000000e+05
9.865920000000000000e+05
9.866060000000000000e+05
9.866250000000000000e+05
9.866580000000000000e+05
9.866920000000000000e+05
9.867240000000000000e+05
9.867420000000000000e+05
9.867600000000000000e+05
9.867760000000000000e+05
9.868090000000000000e+05
9.868600000000000000e+05
9.868920000000000000e+05
9.869090000000000000e+05
9.869250000000000000e+05
9.869430000000000000e+05
9.869610000000000000e+05
9.869790000000000000e+05
9.870130000000000000e+05
9.870280000000000000e+05
9.870600000000000000e+05
9.870770000000000000e+05
9.870950000000000000e+05
9.871470000000000000e+05
9.871700000000000000e+05
9.871830000000000000e+05
9.872130000000000000e+05
9.872290000000000000e+05
9.872460000000000000e+05
9.872780000000000000e+05
9.872960000000000000e+05
9.873130000000000000e+05
9.873470000000000000e+05
9.873640000000000000e+05
9.873800000000000000e+05
9.873960000000000000e+05
9.874130000000000000e+05
9.874460000000000000e+05
9.874630000000000000e+05
9.874810000000000000e+05
9.874980000000000000e+05
9.875130000000000000e+05
9.875320000000000000e+05
9.875660000000000000e+05
9.875820000000000000e+05
9.876010000000000000e+05
9.876140000000000000e+05
9.876350000000000000e+05
9.876890000000000000e+05
9.877240000000000000e+05
9.877400000000000000e+05
9.877670000000000000e+05
9.877780000000000000e+05
9.877930000000000000e+05
9.878110000000000000e+05
9.878390000000000000e+05
9.878590000000000000e+05
9.878900000000000000e+05
9.879070000000000000e+05
9.879230000000000000e+05
9.879390000000000000e+05
9.879720000000000000e+05
9.879930000000000000e+05
9.880060000000000000e+05
9.880250000000000000e+05
9.880410000000000000e+05
9.880580000000000000e+05
9.880720000000000000e+05
9.880910000000000000e+05
9.881240000000000000e+05
9.881390000000000000e+05
9.881550000000000000e+05
9.881720000000000000e+05
9.881880000000000000e+05
9.882060000000000000e+05
9.882400000000000000e+05
9.882620000000000000e+05
9.882740000000000000e+05
9.882880000000000000e+05
9.883050000000000000e+05
9.883420000000000000e+05
9.883570000000000000e+05
9.883720000000000000e+05
9.883890000000000000e+05
9.884070000000000000e+05
9.884220000000000000e+05
9.884590000000000000e+05
9.884760000000000000e+05
9.884930000000000000e+05
9.885070000000000000e+05
9.885400000000000000e+05
9.885570000000000000e+05
9.886070000000000000e+05
9.886210000000000000e+05
9.886390000000000000e+05
9.886740000000000000e+05
9.887240000000000000e+05
9.887400000000000000e+05
9.887580000000000000e+05
9.887920000000000000e+05
9.888080000000000000e+05
9.888240000000000000e+05
9.888570000000000000e+05
9.888750000000000000e+05
9.888920000000000000e+05
9.889110000000000000e+05
9.889280000000000000e+05
9.889600000000000000e+05
9.889940000000000000e+05
9.890080000000000000e+05
9.890250000000000000e+05
9.890410000000000000e+05
9.890600000000000000e+05
9.891330000000000000e+05
9.891530000000000000e+05
9.891760000000000000e+05
9.891940000000000000e+05
9.892280000000000000e+05
9.892440000000000000e+05
9.892600000000000000e+05
9.892810000000000000e+05
9.892930000000000000e+05
9.893100000000000000e+05
9.893290000000000000e+05
9.893450000000000000e+05
9.893610000000000000e+05
9.893960000000000000e+05
9.894110000000000000e+05
9.894300000000000000e+05
9.894490000000000000e+05
9.894820000000000000e+05
9.894990000000000000e+05
9.895170000000000000e+05
9.895310000000000000e+05
9.895480000000000000e+05
9.895640000000000000e+05
9.895980000000000000e+05
9.896130000000000000e+05
9.896300000000000000e+05
9.896470000000000000e+05
9.896710000000000000e+05
9.896880000000000000e+05
9.897230000000000000e+05
9.897400000000000000e+05
9.897550000000000000e+05
9.897710000000000000e+05
9.898060000000000000e+05
9.898240000000000000e+05
9.898400000000000000e+05
9.898550000000000000e+05
9.898710000000000000e+05
9.899070000000000000e+05
9.899230000000000000e+05
9.899400000000000000e+05
9.900050000000000000e+05
9.900210000000000000e+05
9.900560000000000000e+05
9.900720000000000000e+05
9.900890000000000000e+05
9.901060000000000000e+05
9.901260000000000000e+05
9.901580000000000000e+05
9.901910000000000000e+05
9.902110000000000000e+05
9.902210000000000000e+05
9.902370000000000000e+05
9.902730000000000000e+05
9.902890000000000000e+05
9.903060000000000000e+05
9.903230000000000000e+05
9.903400000000000000e+05
9.903730000000000000e+05
9.903900000000000000e+05
9.904070000000000000e+05
9.904230000000000000e+05
9.904400000000000000e+05
9.904550000000000000e+05
9.904720000000000000e+05
9.904950000000000000e+05
9.905230000000000000e+05
9.905730000000000000e+05
9.906080000000000000e+05
9.906220000000000000e+05
9.906390000000000000e+05
9.906570000000000000e+05
9.906890000000000000e+05
9.907080000000000000e+05
9.907240000000000000e+05
9.907400000000000000e+05
9.907570000000000000e+05
9.907900000000000000e+05
9.908570000000000000e+05
9.908730000000000000e+05
9.909070000000000000e+05
9.909240000000000000e+05
9.909410000000000000e+05
9.909730000000000000e+05
9.909910000000000000e+05
9.910140000000000000e+05
9.910470000000000000e+05
9.910600000000000000e+05
9.910930000000000000e+05
9.911290000000000000e+05
9.911470000000000000e+05
9.911610000000000000e+05
9.911780000000000000e+05
9.911940000000000000e+05
9.912270000000000000e+05
9.912420000000000000e+05
9.912590000000000000e+05
9.912760000000000000e+05
9.913120000000000000e+05
9.913260000000000000e+05
9.913470000000000000e+05
9.913600000000000000e+05
9.914150000000000000e+05
9.914470000000000000e+05
9.914800000000000000e+05
9.914970000000000000e+05
9.915130000000000000e+05
9.915300000000000000e+05
9.915470000000000000e+05
9.915630000000000000e+05
9.915870000000000000e+05
9.915990000000000000e+05
9.916130000000000000e+05
9.916310000000000000e+05
9.916470000000000000e+05
9.916710000000000000e+05
9.916880000000000000e+05
9.917040000000000000e+05
9.917390000000000000e+05
9.917610000000000000e+05
9.917720000000000000e+05
9.917920000000000000e+05
9.918220000000000000e+05
9.918390000000000000e+05
9.918550000000000000e+05
9.919050000000000000e+05
9.919210000000000000e+05
9.919380000000000000e+05
9.919720000000000000e+05
9.919890000000000000e+05
9.920060000000000000e+05
9.920540000000000000e+05
9.920730000000000000e+05
9.921430000000000000e+05
9.921550000000000000e+05
9.921730000000000000e+05
9.921890000000000000e+05
9.922060000000000000e+05
9.922380000000000000e+05
9.922530000000000000e+05
9.922750000000000000e+05
9.922880000000000000e+05
9.923240000000000000e+05
9.923380000000000000e+05
9.923530000000000000e+05
9.923720000000000000e+05
9.924060000000000000e+05
9.924220000000000000e+05
9.924370000000000000e+05
9.924710000000000000e+05
9.924870000000000000e+05
9.925070000000000000e+05
9.925360000000000000e+05
9.925540000000000000e+05
9.925700000000000000e+05
9.925930000000000000e+05
9.926210000000000000e+05
9.926390000000000000e+05
9.926550000000000000e+05
9.926880000000000000e+05
9.927060000000000000e+05
9.927230000000000000e+05
9.927380000000000000e+05
9.927550000000000000e+05
9.927710000000000000e+05
9.927880000000000000e+05
9.928070000000000000e+05
9.928400000000000000e+05
9.928580000000000000e+05
9.928740000000000000e+05
9.928890000000000000e+05
9.929240000000000000e+05
9.929390000000000000e+05
9.929580000000000000e+05
9.929900000000000000e+05
9.930070000000000000e+05
9.930250000000000000e+05
9.930570000000000000e+05
9.930750000000000000e+05
9.930910000000000000e+05
9.931080000000000000e+05
9.931300000000000000e+05
9.931470000000000000e+05
9.931590000000000000e+05
9.931910000000000000e+05
9.932080000000000000e+05
9.932250000000000000e+05
9.932490000000000000e+05
9.932580000000000000e+05
9.932930000000000000e+05
9.933080000000000000e+05
9.933270000000000000e+05
9.933440000000000000e+05
9.933590000000000000e+05
9.933850000000000000e+05
9.933970000000000000e+05
9.934190000000000000e+05
9.934320000000000000e+05
9.934450000000000000e+05
9.934640000000000000e+05
9.934950000000000000e+05
9.935090000000000000e+05
9.935330000000000000e+05
9.935440000000000000e+05
9.935630000000000000e+05
9.936140000000000000e+05
9.936600000000000000e+05
9.936750000000000000e+05
9.937020000000000000e+05
9.937360000000000000e+05
9.937530000000000000e+05
9.937700000000000000e+05
9.937860000000000000e+05
9.938210000000000000e+05
9.938380000000000000e+05
9.938550000000000000e+05
9.938790000000000000e+05
9.939020000000000000e+05
9.939380000000000000e+05
9.939760000000000000e+05
9.939890000000000000e+05
9.940050000000000000e+05
9.940200000000000000e+05
9.940370000000000000e+05
9.940540000000000000e+05
9.940700000000000000e+05
9.941020000000000000e+05
9.941210000000000000e+05
9.941360000000000000e+05
9.941540000000000000e+05
9.941720000000000000e+05
9.942040000000000000e+05
9.942240000000000000e+05
9.942360000000000000e+05
9.942540000000000000e+05
9.942720000000000000e+05
9.942880000000000000e+05
9.943040000000000000e+05
9.943360000000000000e+05
9.943520000000000000e+05
9.943690000000000000e+05
9.943890000000000000e+05
9.944030000000000000e+05
9.944210000000000000e+05
9.944380000000000000e+05
9.944540000000000000e+05
9.944870000000000000e+05
9.945050000000000000e+05
9.945210000000000000e+05
9.945530000000000000e+05
9.945710000000000000e+05
9.945870000000000000e+05
9.946210000000000000e+05
9.946400000000000000e+05
9.946710000000000000e+05
9.946890000000000000e+05
9.947060000000000000e+05
9.947390000000000000e+05
9.947540000000000000e+05
9.947700000000000000e+05
9.947880000000000000e+05
9.948050000000000000e+05
9.948220000000000000e+05
9.948570000000000000e+05
9.948890000000000000e+05
9.949240000000000000e+05
9.949560000000000000e+05
9.949800000000000000e+05
9.950060000000000000e+05
9.950580000000000000e+05
9.950760000000000000e+05
9.950910000000000000e+05
9.951250000000000000e+05
9.951420000000000000e+05
9.951580000000000000e+05
9.951930000000000000e+05
9.952070000000000000e+05
9.952240000000000000e+05
9.952410000000000000e+05
9.952750000000000000e+05
9.952940000000000000e+05
9.953080000000000000e+05
9.953250000000000000e+05
9.953410000000000000e+05
9.953580000000000000e+05
9.953770000000000000e+05
9.953950000000000000e+05
9.954290000000000000e+05
9.954440000000000000e+05
9.954590000000000000e+05
9.954850000000000000e+05
9.955170000000000000e+05
9.955290000000000000e+05
9.955440000000000000e+05
9.955610000000000000e+05
9.955890000000000000e+05
9.956010000000000000e+05
9.956290000000000000e+05
9.956450000000000000e+05
9.956640000000000000e+05
9.956780000000000000e+05
9.957040000000000000e+05
9.957200000000000000e+05
9.957540000000000000e+05
9.957650000000000000e+05
9.957860000000000000e+05
9.957960000000000000e+05
9.958370000000000000e+05
9.958540000000000000e+05
9.958680000000000000e+05
9.958850000000000000e+05
9.959020000000000000e+05
9.959410000000000000e+05
9.959520000000000000e+05
9.959880000000000000e+05
9.960020000000000000e+05
9.960210000000000000e+05
9.960380000000000000e+05
9.960530000000000000e+05
9.960710000000000000e+05
9.961060000000000000e+05
9.961190000000000000e+05
9.961360000000000000e+05
9.961520000000000000e+05
9.961690000000000000e+05
9.961870000000000000e+05
9.962210000000000000e+05
9.962400000000000000e+05
9.962580000000000000e+05
9.962700000000000000e+05
9.962870000000000000e+05
9.963030000000000000e+05
9.963200000000000000e+05
9.963360000000000000e+05
9.963540000000000000e+05
9.963880000000000000e+05
9.964050000000000000e+05
9.964380000000000000e+05
9.964530000000000000e+05
9.964690000000000000e+05
9.965020000000000000e+05
9.965240000000000000e+05
9.965400000000000000e+05
9.965530000000000000e+05
9.965870000000000000e+05
9.966040000000000000e+05
9.966200000000000000e+05
9.966540000000000000e+05
9.966700000000000000e+05
9.967220000000000000e+05
9.967540000000000000e+05
9.967810000000000000e+05
9.968040000000000000e+05
9.968210000000000000e+05
9.968390000000000000e+05
9.968700000000000000e+05
9.968860000000000000e+05
9.969050000000000000e+05
9.969210000000000000e+05
9.969540000000000000e+05
9.969710000000000000e+05
9.970230000000000000e+05
9.970410000000000000e+05
9.970570000000000000e+05
9.970730000000000000e+05
9.970890000000000000e+05
9.971220000000000000e+05
9.971390000000000000e+05
9.971720000000000000e+05
9.971890000000000000e+05
9.972060000000000000e+05
9.972410000000000000e+05
9.972590000000000000e+05
9.972750000000000000e+05
9.973090000000000000e+05
9.973240000000000000e+05
9.973430000000000000e+05
9.973610000000000000e+05
9.973930000000000000e+05
9.974430000000000000e+05
9.974590000000000000e+05
9.974790000000000000e+05
9.974930000000000000e+05
9.975150000000000000e+05
9.975340000000000000e+05
9.975490000000000000e+05
9.975640000000000000e+05
9.975950000000000000e+05
9.976210000000000000e+05
9.976320000000000000e+05
9.976450000000000000e+05
9.976770000000000000e+05
9.976960000000000000e+05
9.977050000000000000e+05
9.977210000000000000e+05
9.977530000000000000e+05
9.977690000000000000e+05
9.977860000000000000e+05
9.978010000000000000e+05
9.978360000000000000e+05
9.978860000000000000e+05
9.979010000000000000e+05
9.979180000000000000e+05
9.979350000000000000e+05
9.979530000000000000e+05
9.979840000000000000e+05
9.980030000000000000e+05
9.980200000000000000e+05
9.980370000000000000e+05
9.980520000000000000e+05
9.980690000000000000e+05
9.980860000000000000e+05
9.981030000000000000e+05
9.981340000000000000e+05
9.981500000000000000e+05
9.981680000000000000e+05
9.981870000000000000e+05
9.982030000000000000e+05
9.982200000000000000e+05
9.982350000000000000e+05
9.982510000000000000e+05
9.982860000000000000e+05
9.983030000000000000e+05
9.983210000000000000e+05
9.983360000000000000e+05
9.983690000000000000e+05
9.984200000000000000e+05
9.984420000000000000e+05
9.984670000000000000e+05
9.984860000000000000e+05
9.985020000000000000e+05
9.985360000000000000e+05
9.985530000000000000e+05
9.985680000000000000e+05
9.985850000000000000e+05
9.986020000000000000e+05
9.986360000000000000e+05
9.986530000000000000e+05
9.986850000000000000e+05
9.987020000000000000e+05
9.987370000000000000e+05
9.987530000000000000e+05
9.987700000000000000e+05
9.988020000000000000e+05
9.988190000000000000e+05
9.988370000000000000e+05
9.988540000000000000e+05
9.988860000000000000e+05
9.989040000000000000e+05
9.989370000000000000e+05
9.989550000000000000e+05
9.989880000000000000e+05
9.990050000000000000e+05
9.990210000000000000e+05
9.990390000000000000e+05
9.990560000000000000e+05
9.990900000000000000e+05
9.991070000000000000e+05
9.991230000000000000e+05
9.991560000000000000e+05
9.991750000000000000e+05
9.992240000000000000e+05
9.992570000000000000e+05
9.992720000000000000e+05
9.992900000000000000e+05
9.993080000000000000e+05
9.993410000000000000e+05
9.993590000000000000e+05
9.993800000000000000e+05
9.993930000000000000e+05
9.994080000000000000e+05
9.994250000000000000e+05
9.994420000000000000e+05
9.994760000000000000e+05
9.994920000000000000e+05
9.995090000000000000e+05
9.995260000000000000e+05
9.995420000000000000e+05
9.995620000000000000e+05
9.995930000000000000e+05
9.996100000000000000e+05
9.996470000000000000e+05
9.996590000000000000e+05
9.996780000000000000e+05
9.996990000000000000e+05
9.997100000000000000e+05
9.997360000000000000e+05
9.997590000000000000e+05
9.997720000000000000e+05
9.998000000000000000e+05
9.998170000000000000e+05
9.998340000000000000e+05
9.998520000000000000e+05
9.998830000000000000e+05
9.999040000000000000e+05
9.999200000000000000e+05
9.999520000000000000e+05
9.999670000000000000e+05
